simulation,A_ind_cond,B_cor_cond,C_ind_uncond,D_cor_uncond
0,5.487658869740488,7.407227202840391,0.24266070366856274,0.29738582547396203
1,4.966484779414247,0.5666995825374211,0.24215261926515758,0.036488412308899626
2,4.417635595206973,1.496319011421658,0.26010139443659613,0.049827464017202436
3,7.329772420411919,1.213451117788592,0.36461458069141445,0.04704855181047648
4,4.4579900421720895,1.1832410753343734,0.2999832656573392,0.046395102307907485
5,5.9575561456266595,10.668434102527403,0.30216181278837545,0.5134623564670231
6,6.45158965429113,14.679856440880453,0.24262656082104983,0.7454281826643973
7,5.6786849843139,1.8089779722002208,0.2743363275362723,0.0542496961525007
8,6.17589008214921,10.887519939055629,0.27433505978336353,0.540975987965821
9,6.162023294177903,13.217473464201936,0.41353738842412946,0.661240564498123
10,6.846087266351882,4.230321034936342,0.31854667461708797,0.13897634047675206
11,5.521525680781649,1.6320463753745547,0.35670353851943865,0.051746770863433905
12,6.6290482008760145,11.018608520103129,0.2723643049757524,0.5548164180024596
13,5.204137815528932,1.462161979913235,0.2673813956842872,0.0493172327705545
14,8.533187102632127,8.748721362798792,0.42768506554521185,0.37276238121718536
15,5.2981018959243595,6.207063006131886,0.22404066204570597,0.2573132808317037
16,5.148488425525745,14.872975063298705,0.13827299412408503,0.7550101880484321
17,5.893732752042323,1.5622769183782632,0.26463132367704173,0.05072365926802326
18,6.578068342102028,10.303036839209845,0.3673839608058227,0.49747376851578723
19,4.40594957798906,4.301918624991244,0.20255733365485215,0.14043777569826296
20,6.715820932004308,1.560546126367968,0.24389783484734875,0.05069613803627139
21,5.922732608922079,1.1477141826442834,0.3992414198184771,0.04562158261736356
22,6.921581525499854,4.019587692309801,0.40454028577480206,0.13475839755001903
23,7.277986093297012,5.329897854004248,0.3280982689526658,0.19524352672436365
24,4.882327724283111,1.2133299367711787,0.24816674660522972,0.04704594202591294
25,5.362706487745414,0.36821727682115,0.1605573223962097,0.0323597473330024
26,6.414544932270077,3.6571872468521054,0.2833264442638565,0.12759334898014307
27,6.929708396485581,8.436298867399172,0.2363916279023385,0.3604427354314898
28,6.773359310588601,14.460731942037517,0.2325988946145998,0.7345173809206856
29,5.85816829436923,6.1224821707721055,0.32836305369360413,0.22668672231638048
30,7.498046916660532,14.393813078993482,0.24687115092854303,0.7311780694158957
31,6.4600003042309355,12.302323044833646,0.19296016649147504,0.6172369635434803
32,5.377118567527099,1.4859796120270576,0.23470962315721844,0.049655940061407645
33,5.9931775437191765,12.35173163697694,0.23589744989542874,0.6196221663970976
34,6.837266900190756,8.495082331980914,0.32812493169868817,0.3627933839661494
35,6.005680196922191,1.8163471410431358,0.28386793897775164,0.054352261161293894
36,5.589187304844052,10.247048948653067,0.27634583777016225,0.49494598586410515
37,6.320397607291199,12.320558822008032,0.2480689163788115,0.6181174262821736
38,5.0640806243385255,1.944296582314895,0.3126584098998748,0.07497532865169898
39,6.172648497425946,4.426897937244825,0.2536821686919305,0.14295172133508305
40,6.5453365951670355,0.6612758113134837,0.29165915948083543,0.03804131116893786
41,6.141667992204951,5.338645010534775,0.17701449858111343,0.19547375401412767
42,4.722342498687485,1.596242727880838,0.18571684142850778,0.051192075055505645
43,4.793897947028131,9.370319447915069,0.25747518746534076,0.3939768128029466
44,4.940389655863485,1.175154486517282,0.15425739524579526,0.046219406079139616
45,5.3378843165298155,2.0278434705315296,0.22849653265964195,0.07671847416872346
46,4.315405379941088,0.3670949101434557,0.14799495922006634,0.03230213241021169
47,2.638358281184741,0.4672249983913046,0.1206231673614556,0.03443208859312273
48,5.121144842663145,4.00546509644289,0.12604809185757304,0.13445982557984637
49,6.1631781050635475,3.623641527552934,0.38247416972843745,0.12685531408949294
50,4.790455324095127,1.009264545908999,0.15696001101568202,0.042629947159812734
51,5.727080298147897,1.6977160679473384,0.2829360340813519,0.05274135658205105
52,4.238151971932596,0.3242305674603335,0.24847179363805977,0.030398628728899594
53,6.110328468886897,2.610335714621623,0.31221844587955333,0.08575690069272389
54,4.953222561324885,5.214505998486352,0.16793497191992865,0.19217598216047269
55,6.286546645098144,3.0515068362602715,0.33218925045291303,0.09173927476603522
56,6.724886882080843,11.344594435445229,0.2838667362437559,0.5707821185553014
57,5.500106006572961,5.943404358150591,0.21600577110368221,0.22171823205412397
58,4.280197901888216,1.7435948903357261,0.2317041202870019,0.053416481649279327
59,5.1412975695805,10.638226945589782,0.15874155149295918,0.5121234144966957
60,6.0721319453753475,4.041734668961171,0.23355979824931458,0.13522566549160178
61,4.406063912962451,9.218732942846305,0.20922177768564873,0.3885198148936279
62,6.261293734783778,5.0385068224177285,0.27503873740126883,0.16917705414034603
63,4.982596311448543,3.2375169370145875,0.13761356379249678,0.09303990892062519
64,6.400198538950488,2.743071650830708,0.24177964199467547,0.0877257567972193
65,4.260149133617495,0.4315413909848196,0.2999449717250126,0.03328584022173756
66,7.260905312260833,3.635955869491114,0.3414516636175792,0.12712650849010973
67,5.434948837710794,6.084830525006714,0.33699418226112704,0.22559412842060844
68,5.777975370654321,15.84976145560404,0.23290130123437752,0.8023963412112384
69,5.509333143712731,3.1901981710825686,0.21185359707202325,0.0927689872977663
70,7.773111810550968,3.86145878649651,0.44773734526899883,0.13145165326581362
71,6.671992476362558,4.315135688766029,0.3426016086226755,0.1407059169074678
72,6.007809599692918,2.8692167136462077,0.32198052625505896,0.08933424612929106
73,5.689929195104083,5.263441747821937,0.36206674810786205,0.19348378575112937
74,5.577289471004232,0.6316582378677145,0.2576987009318471,0.03794297347936535
75,5.536697712223251,3.895984975529644,0.28442653139852236,0.13219235815314834
76,6.283406676206921,5.825771591391686,0.3341414294694749,0.21613863305924713
77,6.156372812551604,8.806348441415302,0.31081556310284847,0.37498539536031467
78,4.333269321434954,3.0770513720338672,0.20410131117441674,0.09206424842722859
79,7.153298932565659,1.9650803512423038,0.27619070232274096,0.07541577903903761
80,4.13111937207326,0.3382603628546161,0.22415625347303395,0.030966278565432916
81,4.7347084036825136,9.161633560510056,0.10011643128097794,0.38643397235142585
82,5.274685359971595,0.6842745601840511,0.2176229106749679,0.0385624497606708
83,6.26647099229412,3.916312651572027,0.3473747780003437,0.13262725207054119
84,6.368585027697907,1.9747890972450923,0.3244515787254475,0.07561997709279861
85,7.312880458090412,11.521393685578577,0.32415831245476695,0.5794067610592055
86,7.045284488035881,16.09836802491623,0.4029389389806524,0.8199576029309024
87,5.0334402303420624,2.067614153853326,0.24347932603516514,0.07752297965223896
88,6.936734233168258,13.527553627601787,0.21030026725087286,0.6760514541270531
89,5.4838584122727125,2.2110395126173903,0.2827647173156861,0.07999740501996255
90,5.253604757385483,10.668930906853644,0.17393440181511524,0.5134843625266517
91,7.117531614308302,10.295442604906789,0.35818041069466566,0.4971313274505183
92,6.3481591462936136,6.824484837393576,0.2837313059758934,0.27607551334375713
93,6.667725406286913,1.5413178018098215,0.2646137899628,0.05047354849262095
94,4.093573739928526,1.0464471278115497,0.19835194192812614,0.04342000991547506
95,4.997205127502318,3.022223089361231,0.25525224011443864,0.09136354829336865
96,5.934759940729063,1.0965893490059502,0.29009399069789293,0.044505586159688276
97,5.1470854097853245,12.602033423022347,0.20367905323646043,0.6316886645065659
98,5.885813420318915,1.1947086254006973,0.25097325105972407,0.0466437774936011
99,3.780176024253763,0.459615288995083,0.13982785399209233,0.03419291481707784
100,5.386991436354698,4.929097959341901,0.20798436231304387,0.16686489180972944
101,4.9489675160542905,3.066693199538977,0.17390252867141817,0.09193282000000329
102,6.047606602297136,12.096131173882712,0.27652707936673154,0.6072707653094357
103,4.1683681424366315,1.1297020114506389,0.22253805484505956,0.04522830399890288
104,5.852775043448774,2.3830843467170193,0.26111045745946515,0.08302925721483996
105,6.430078884711512,6.446535632107735,0.2842132060785115,0.26498997026181803
106,5.9145037983057565,15.052238682464994,0.1998893493644794,0.76387241897591
107,6.48108613717863,1.7203727435316538,0.2624949451529228,0.05307652093223385
108,5.846209707015,7.531384594041747,0.2627256994459389,0.3020526684819923
109,6.554700631156339,1.0876816702196004,0.38831385838839516,0.04431164443455063
110,5.174211980722974,8.71745250828736,0.19040546203764883,0.37154942891347703
111,6.024729312591318,1.9062438452731136,0.18713480708815972,0.07415716817234166
112,4.834448967454752,1.6258114819302976,0.23778319345777338,0.051650573083013136
113,5.4528048303705,1.552055438272414,0.19053013431807087,0.05056078712490922
114,4.925989189548109,2.464135363237195,0.2663138483378285,0.08438698874660665
115,6.007305670821322,2.148346081738474,0.2694949684577172,0.0788061262910389
116,6.484183400594832,5.87182751790117,0.21682102845379211,0.2174441785656073
117,6.157360214450308,4.704027688919093,0.32033444153781515,0.16192610614879527
118,5.631008244528476,8.995211114096676,0.2842424501768492,0.3802585625052575
119,4.595736673290088,1.916948942816982,0.18502935913175805,0.07438887244592263
120,4.646724903889438,16.718415896563776,0.16496113932093662,0.8499781878085709
121,7.018650012985035,4.685395194161714,0.33450479066232314,0.16150669782295207
122,5.534418910293237,7.3444443968484014,0.24593076849244208,0.2950252418006045
123,7.264581233984544,7.534877549637775,0.32748144644862653,0.30218388729859236
124,5.452769050891205,1.099303784521183,0.35973706112652876,0.044564745444424084
125,5.827496435277479,1.073182691758245,0.2295675878278454,0.043996788968518066
126,6.589920200155269,3.5409461083572764,0.3048713149455578,0.12522944649616252
127,5.126107996745204,4.354566176461586,0.2456334321652113,0.1415027167546286
128,5.500559390389086,1.776428731426651,0.19364097077952133,0.05388985454296398
129,4.873046035273917,1.1982538847681217,0.21808121567191827,0.04672051431055407
130,5.745726746407898,4.104247890339406,0.22286733975143055,0.1364516098752169
131,5.140513075134337,6.928135571083551,0.20318767538131402,0.279419545419018
132,5.65358322136929,1.541562937798449,0.2504783888959338,0.05047752770443899
133,6.162096611121248,1.4872608120368458,0.3972661167341573,0.049677240985644765
134,4.756430635355668,16.361833120101423,0.27971864066142543,0.8327772132971629
135,6.276549052296633,8.358195837529887,0.29273402364516427,0.35729767950440167
136,6.927453209936039,0.47319153014786725,0.333637248318467,0.03461752214608531
137,8.011702386674,18.370942770284017,0.38929371941002106,1.0089317046036683
138,6.272532218680138,0.34865361252463567,0.19154927889412118,0.03142315382672019
139,5.692996028217736,1.737481655134336,0.13286582047943818,0.05332740407238317
140,8.232221021327605,14.402904083144035,0.3807046901206213,0.7316319032354376
141,6.038292888247627,0.6947728962657452,0.32103559360381145,0.03879997163274826
142,5.8007138529678395,11.967406078820321,0.2207785690902945,0.6010383561215878
143,6.730910032614889,1.0719291049375779,0.3230022160671294,0.04396962397137369
144,6.349934891569391,1.195116123095909,0.2828078709117842,0.04665260169694188
145,6.009822813794214,9.921487821435539,0.15756857864237378,0.4800905767414555
146,6.576215198485566,13.4339049864497,0.30966379572205605,0.67158508446458
147,5.482082428252837,3.5149886114001956,0.347955789772943,0.12489231348327626
148,4.15323794660097,0.511350496930431,0.14196929125566907,0.035037248697933815
149,5.419360995427838,2.044362018243706,0.18507185520474861,0.07705453122809101
150,4.110809370998538,0.4052102918187634,0.16003808925426538,0.032413773344551165
151,5.770740321801612,2.298233358891689,0.3081750663380342,0.08154748955628745
152,5.940183757831152,6.921343035707522,0.23280177339308836,0.27916613977674654
153,5.362713148546943,1.738865060442206,0.2477708917783406,0.05334758806872794
154,6.200151789826916,6.757716516612049,0.3334411765506058,0.27358918453470066
155,4.584947502083312,14.876491282141481,0.24194580621793196,0.7551843300902624
156,5.3757124188174314,3.5979844767899025,0.21915373681821718,0.12628927551656502
157,5.9089729880429145,1.4320947037573517,0.220736202776977,0.04880311721333701
158,7.961573696803032,14.650336276196057,0.3453835123141804,0.7439605528628545
159,6.47717527279898,15.835441147790771,0.24199774427878235,0.8017042527529071
160,5.96985773040563,1.0362490780374944,0.34353329404932814,0.04320174925522094
161,6.735448781064572,13.603121122914947,0.18669743447609174,0.6796508058899072
162,5.116667128066143,1.900040315802554,0.257798731919878,0.07402234625941678
163,4.987098809324561,1.0110990183697073,0.15876154100933385,0.04266853782421869
164,6.059235189684435,0.8733655513343189,0.317018646570493,0.04186039029762316
165,4.45504162130089,9.234432973476878,0.13726014204307926,0.38909040384676014
166,6.23518334141212,0.7328112478466327,0.24306087508332927,0.039470708215097204
167,5.885469735126263,9.325545970450465,0.22973525600821368,0.39237700972011286
168,4.349030701382663,1.6048650161695068,0.10966154611113627,0.05132584159159798
169,3.5128675124101423,2.9670951131708367,0.0726636021062565,0.09064552965098407
170,4.691212949252644,1.0659233253827,0.25417117870333955,0.04383962607889656
171,7.256586922446393,6.770989785465928,0.26882153124172986,0.2740830259556383
172,5.950776425518513,3.481303413172934,0.3475196312381987,0.12413639947775765
173,7.330850072957621,2.7221820244673838,0.38123577723834495,0.08742372008127759
174,5.231921713022074,10.46166292293466,0.18049226979178648,0.5042603891803076
175,6.192860878448504,3.4953098204749193,0.33886932390620544,0.12445100778996639
176,7.450935380202735,7.606966001680807,0.3507379338244076,0.30489045519397723
177,6.4523106014171985,9.852277141320446,0.24679659626728465,0.4768946219959182
178,7.120476458509137,5.913385780972471,0.41099701732778604,0.22084206863889966
179,5.696513009397699,16.77337685914472,0.21326841771042865,0.8526144705022355
180,4.609808953641074,4.798241152351411,0.22820701454073625,0.16402259049689344
181,5.929758461383181,1.4900288651942466,0.18649542741130595,0.04972321691515909
182,5.531984038821998,4.661270333084288,0.23045015895674423,0.16096136913068146
183,5.759034652512134,1.629960071848862,0.2212298730157784,0.05171461507895929
184,6.0146859517063165,0.7056545385030653,0.3048691679113205,0.039046332437264866
185,5.846537643192655,9.158775613786096,0.24291801602907895,0.3863291302466339
186,6.990914507774741,1.73495795089582,0.3357504507721359,0.05329054374747639
187,6.087665073554993,2.0336163597459644,0.24411785842496922,0.07683623947546436
188,5.458635573586393,19.111440003134767,0.2727880434188573,1.0763827815728217
189,7.5829204439031095,2.7830931104761305,0.3735719725439866,0.08829669667157694
190,7.3978043239219256,3.2788951885902002,0.22589539711812137,0.09353587052473011
191,5.931364342195603,14.552207095909253,0.3054715946072038,0.7390767755927096
192,6.093146156160418,10.061998911373161,0.17108469175450505,0.4865366026795634
193,4.925764451596305,12.125749871633346,0.15786456582692995,0.6087036223374827
194,4.648338989681132,3.6241647350522803,0.14089373176049103,0.12686684284089433
195,5.389704902871521,1.456435704541271,0.24435970652349454,0.04921988073489765
196,6.402644469477574,0.6146321563014202,0.34024005443771677,0.03753369808641107
197,4.4951035151089735,0.6926376772236359,0.28453549453331006,0.038751659297403165
198,6.578345929981794,1.043931848030684,0.26756090930684856,0.04336607599918171
199,4.745212413801652,1.7615044754907287,0.14929430578895073,0.05367574128961892
200,5.397950672879644,9.734302470145295,0.21852395059289767,0.4511081467433677
201,6.002938830920682,1.5506127465007071,0.22206035717409892,0.05053773272770992
202,7.391009224844117,2.9966680345432257,0.2697560555925531,0.09103252687154623
203,6.601284292011653,3.4852931814076267,0.26455631989172257,0.12422605992830689
204,4.823862062894555,2.008327307126252,0.19735081351600633,0.07631779378916323
205,5.681390881223078,1.187172983266296,0.2608619706631912,0.046480434044357394
206,6.502494545640221,1.7542523832023242,0.22209294270625676,0.05357106542777706
207,4.343025974492649,11.890058068059876,0.12769979748470475,0.5972892935571056
208,6.896009170829312,19.961589525017487,0.3584831424279582,1.1225895863615436
209,5.344064754533808,2.4643202143222074,0.25523680766084617,0.08439002373245275
210,7.595009371522832,3.537559587889891,0.31762398217461435,0.12515396023343214
211,5.869231548289285,2.1930979115590468,0.23488511560214245,0.07966040003300832
212,5.940147602884099,2.4227551708396304,0.20352484935564075,0.08370050422248933
213,7.265219972670292,7.511316807164982,0.2725208219056193,0.30129867984121855
214,5.683767672209879,8.602872658852759,0.256053127048478,0.367065394544588
215,5.316129473395127,2.0556062553573553,0.2660753223916183,0.07728167754944236
216,7.775883345934097,1.073166927399983,0.3250562382459206,0.04399644729520903
217,5.920731050545372,7.960838822199907,0.24680791675407945,0.34097202957901157
218,6.814673084786734,3.2582742854934126,0.3159541454876294,0.09328979937602441
219,6.636887884151498,14.356621613299271,0.23279151524494507,0.7293208401498122
220,4.235194358802429,2.876242135061544,0.14864997582787423,0.08943007618441252
221,7.087613026952643,0.45080887508673523,0.3000761591434464,0.033912432953037905
222,6.372823714678592,8.387178055772377,0.3294766054467518,0.358467588494682
223,5.9810688256146625,18.807996112172454,0.35542193502346914,1.0595973921147117
224,4.804370301725591,3.600609555118974,0.21971359076900931,0.12634725160881016
225,6.132816746991456,16.226297440519012,0.21788894664162592,0.8261941554145183
226,5.964323514466465,1.1359478810156305,0.28190952666132324,0.045364714246361265
227,5.6184991327001725,1.4580532330834137,0.28659568614864106,0.04924740693034583
228,6.922292129472303,2.241920144808812,0.3363105427877338,0.08052806444574992
229,6.98743452654201,2.844351166993578,0.2973024076053859,0.08899312290686179
230,7.9969881229578,13.595800696037278,0.3793585910566801,0.679302316805408
231,6.033098546831625,17.572939746850363,0.3425825749752703,0.9412153905188057
232,7.097192150126086,4.192756496816022,0.2947990497050161,0.1382037737722668
233,6.648594273222552,7.720594208277876,0.3643708574564522,0.3258719506007452
234,5.652525161959034,6.162401615995436,0.17903996439254435,0.22784430116765117
235,5.0948282395071205,12.161065133196818,0.16356325571055638,0.6104115028877536
236,4.1507702578000005,0.8368108730708009,0.17824021464924159,0.04103256155736079
237,3.705959163568546,4.967633090404809,0.13918389309295506,0.1676860175321965
238,4.602854500637375,10.562872144031873,0.20585399672464297,0.5087753868936676
239,6.582729607334359,9.654527811980913,0.2668624607412032,0.4476140683077973
240,6.6496489823285385,9.432254443273457,0.29902790613028146,0.4401006942606885
241,5.392661268958924,18.330245626892875,0.2851979150530031,1.0067996834049295
242,6.217582731457822,0.4528308284117904,0.3171316497347032,0.03397717664480296
243,7.702026816603869,0.8306762304667991,0.5036025569786983,0.04089889961296697
244,5.371007447258077,1.102988879930057,0.2523118391917986,0.04464509661157566
245,6.478171462348836,5.29863126944675,0.24920715708387525,0.1944179312685597
246,7.293935829507199,3.1291488987478444,0.329740872362373,0.09219344421591577
247,4.892103195649727,0.6091478978156486,0.33638964514876674,0.03740274216311197
248,6.893941944833858,1.8239011928755344,0.27963508385824537,0.054456972093375376
249,6.535561067226633,2.694838746460904,0.21810063827827977,0.0870240750030851
250,5.42549446066752,4.130231866409164,0.14546680825554895,0.13699319234842786
251,4.912393723045274,9.143544347448584,0.27017914318626857,0.38576966911171445
252,5.283714210886944,3.904081447644275,0.1846793587361998,0.13236568340584043
253,6.914079340850777,11.062478369092846,0.4035180643004269,0.5569702374961042
254,6.73473544824937,4.640120892465936,0.24004962028942156,0.16048120057791432
255,7.17216961802884,2.3586935529817024,0.24356885523249028,0.08260984020203148
256,7.593020628751293,10.497623494901774,0.29056953416404113,0.5058670548415783
257,4.6567721744,1.2206486181942426,0.21041984941789102,0.04720338326020532
258,5.907882546700366,13.194226259830618,0.239528158616404,0.660127743852894
259,5.214562570396948,7.216523902603974,0.19238976870505017,0.2902181932104784
260,5.780807658408172,16.269789270433215,0.24639454336541874,0.8283093091523772
261,4.819105115992357,1.4443924204541188,0.2441807903004353,0.04901427340776564
262,5.7905385402108775,1.5704874929486334,0.36471459992347893,0.05078904136515518
263,6.029119325428684,3.4673727044792737,0.2918904528206643,0.123823068228927
264,6.656923898096919,1.08661619020839,0.27444232607061697,0.04428846918777515
265,6.012182673284557,0.5158855819013558,0.2239703064936749,0.035160344394708914
266,4.6357929311582495,2.3186894970569765,0.2096875116075278,0.08191059541588003
267,7.604235482737869,9.029910869554556,0.37564546976120117,0.3815579533453441
268,5.791249657032099,13.182546286579726,0.3033334002164995,0.6595685175060684
269,7.205527985253618,1.573390903103048,0.42969210404900676,0.05083473553694361
270,5.098994955300928,15.749547755397707,0.23774750670377007,0.7975469819517882
271,4.487378707349544,0.6904911553891563,0.22758733380559507,0.038703095336996354
272,5.029868473699913,0.6869539855936156,0.17588917676829935,0.03862307146862162
273,4.599487092074331,7.912642104688795,0.21893638539492252,0.3336579540808884
274,6.054412463304129,0.6224698889685788,0.32416499411544303,0.03772108877584858
275,5.061585370195946,17.428361512000713,0.21675584858555555,0.9338841643792241
276,6.836232159698765,1.795557097442647,0.38562567095204653,0.05406183888360048
277,6.392596811687326,1.0131689954921497,0.22465358125787013,0.04271213375129271
278,6.275965397532471,9.456926777606075,0.35028122215888735,0.44120373656281114
279,6.265704680632199,3.003164483429479,0.37509098550732856,0.09111697113831735
280,5.015997530833329,13.620883393009493,0.2695787697573656,0.6804962061120338
281,5.79151516388476,3.9478082086309683,0.2589033607523779,0.13329927818898082
282,2.66515540016767,0.34676813758448377,0.09277228275370783,0.03133838849200497
283,4.552096882260342,1.1386231991457856,0.10707992700905772,0.04542313449389711
284,4.981165860465352,0.785245992768466,0.12362859449877656,0.04036195312500766
285,6.069264852789215,1.2026394646266627,0.20079771642761168,0.04681533094450131
286,6.454270471384192,1.7682388482864844,0.2637912905582366,0.053772573472925585
287,4.684319510779526,0.6760137079368722,0.12348728245984326,0.038375479880956714
288,7.081932897630006,12.805850668869915,0.28869603954923245,0.641493806012276
289,5.6154556934281095,7.2139639246128615,0.20896697817536997,0.29012206151109826
290,6.495917880227073,3.327435360383141,0.32996736436509966,0.09387724129154884
291,6.047362986619931,13.56564158574955,0.24466622150807849,0.6778661583546738
292,4.899062845445996,5.853828023383228,0.18338731088610408,0.2169343987196093
293,6.4008227440506,7.3936890068587555,0.34183908525187723,0.2968767885341369
294,6.123959072425506,8.076646066746937,0.24217046916227722,0.3457786850909516
295,6.009909137320592,3.259053481198889,0.3238181843501661,0.09329914920965655
296,6.483330251920898,1.9061412392077495,0.1908375020933478,0.07415494151234012
297,5.467183017122639,13.097549563666838,0.31107488318755844,0.6554966443515468
298,6.932925657964777,2.451636125070775,0.2385369256674942,0.08418112137944644
299,5.973844661356563,3.2306691508512677,0.29304745223125,0.09295712107889748
300,5.57888677606874,1.8072643080466073,0.3231176406860376,0.054225785956487554
301,5.609502637431576,4.841115827527724,0.23501977708068922,0.16496292946795918
302,5.388323209686226,4.60548422977002,0.33843632703185605,0.1596906650139277
303,5.810711138232181,3.138391245764279,0.14031931702600065,0.09230843866220927
304,5.356444673684659,2.3290134464784997,0.33373662436883467,0.08209241662067758
305,4.902316075454712,4.659217396356864,0.21730392122596257,0.16091484546301313
306,6.333464615199279,2.618842526708175,0.32105992840077174,0.08588672973942946
307,5.756852056051407,9.778256424877458,0.19278251987388195,0.4734604517211816
308,5.43356672579895,1.1032851842881124,0.14761142489732612,0.04465155903059945
309,6.89267587586369,8.25560893302758,0.20470435012457153,0.3531314307675674
310,5.10336591757581,1.4390968773895318,0.18371606768487794,0.04892349645822233
311,5.1488827281233895,15.099154533525542,0.19568320033249878,0.7661862189832157
312,4.833107288555358,2.6442143583410593,0.19760724145484365,0.0862708930910811
313,4.227043943424529,2.1157549158025355,0.1705731861282101,0.07817242166316876
314,4.564799889153462,13.65765018277335,0.14861205635961708,0.682245341626513
315,5.424228264957963,0.543583236052923,0.35491900305227775,0.03589497559427131
316,7.107300449207688,18.000528681980654,0.37475708234939836,0.9627948635739606
317,7.101487041526084,14.93492610163347,0.24679381014853508,0.7580765544720053
318,5.12591821826532,7.031841991093914,0.19375516752866417,0.28329443694565226
319,5.226372352487423,5.110919613886687,0.18439931574819218,0.18937417911932
320,8.08350223708953,4.388681995065986,0.42615180834332056,0.1421882293963484
321,8.234350392998449,0.7059839990008312,0.3990436955027089,0.039053797252254115
322,5.03458047644848,0.7414729395084795,0.2972791747745224,0.039663066267168895
323,4.588144612811426,7.586810689860651,0.12321131019995496,0.3041340561906558
324,5.423632215566333,16.552318540119398,0.28440444016774147,0.8419870695881887
325,4.481588672228511,4.193258943278287,0.10920322417886348,0.13821413284179812
326,6.316370271488578,0.30696774716321956,0.4270209453987865,0.02979427846306701
327,6.0026788383684755,11.155166502531188,0.21243933899743137,0.5615152938087012
328,6.57149324517906,11.205744914182628,0.2107889467960262,0.5639924010019141
329,6.697974410130928,2.2038375775977372,0.32300952825607027,0.07986250181676871
330,7.17865722563462,7.35288556810534,0.27974812670460875,0.29534260517703076
331,5.024260260587275,1.0607186897245393,0.18737690701774784,0.043727179851299675
332,5.240560549667186,1.1382498636765674,0.3225506125019959,0.045414982497254175
333,7.966773110001439,8.049105205805352,0.37863009572192213,0.3446387102425276
334,4.815524820712456,4.184764857599408,0.15743296532833986,0.1381240936969154
335,4.0494889485470456,5.43635134667433,0.2127865269548945,0.19802349708089365
336,6.376165499522944,4.379533948068818,0.3843906897929667,0.14200477133304099
337,6.617998982907751,15.533230308324029,0.30283635225764727,0.787472425803497
338,5.625154674117883,10.025997970140915,0.39189547651382384,0.48489026189134093
339,5.071533216079148,13.582229295569077,0.24681834371049255,0.6786561408625226
340,4.562759424457737,1.8968293215743761,0.31220672160377455,0.07395240265081149
341,3.7647106839251627,18.17942004496209,0.11928581186154064,0.9717817105039035
342,6.062378242669182,10.859254836648434,0.2994108101619523,0.5396322598144555
343,6.060792602509397,0.7859041277678697,0.27029296297346894,0.04037649902274263
344,3.710316286376644,0.7278340578891983,0.21408012719426264,0.03936042418819716
345,5.963499689472284,1.239166579060167,0.23734126173428075,0.04760011753452442
346,5.180765080736813,2.202867683970646,0.15920342260945153,0.07984429597787494
347,6.907015332799004,1.492011773524685,0.4001111785465476,0.049756114132098
348,5.926967834463857,0.5596140225555455,0.3387485039618538,0.036308174481273554
349,7.586339511852871,3.3387345056290307,0.3965057278811817,0.09400991587135457
350,5.297133570551442,1.7242059191572812,0.32359350865681463,0.053132933693547726
351,5.387135812241594,3.549851010838744,0.19830941754437154,0.12539094624218966
352,6.479172123658079,9.890853120101687,0.28882215029214553,0.47867770999489223
353,7.174350708623854,2.086795762394219,0.3614496180114807,0.07790668025664338
354,6.903469223851629,0.5179847226906392,0.35090446976566453,0.03521703968915464
355,6.466636421977372,11.327344855180005,0.28752752374538926,0.5699394287224651
356,5.951279120397248,3.9205122682103672,0.22225712009515733,0.1327169867988093
357,6.236902378591226,1.6278734858911053,0.3615607605824314,0.051682421078887236
358,6.352990477769031,14.91406470062495,0.2552564076815625,0.7570444108716765
359,5.189835864058463,8.599769121700987,0.1514910049523965,0.36694309832611205
360,4.724178715126484,2.9957833378953835,0.13476324681201987,0.09102101143567842
361,4.50001637291288,2.283022058474459,0.1998807545457291,0.0812750117096184
362,5.408331323910035,0.6596203895267856,0.1497174263993164,0.03800370133884623
363,5.0934613876170225,1.8614612171479439,0.11677476872113403,0.07317483457155355
364,3.4088736574883294,8.149232788072647,0.16242991680843105,0.3487729136868602
365,7.134724887183131,0.6769801012778217,0.2861464632325881,0.038397360654777224
366,5.782808042510378,2.5712747775812663,0.25854621639512637,0.08515401987920349
367,6.6622581794887035,5.482357490673986,0.3727405212505306,0.1992102781001428
368,6.6415087790841,8.712728042265327,0.3811942597102648,0.37136575495445096
369,5.6133402075886325,8.78108228267357,0.25145529576670467,0.3740127259563938
370,7.0271547224744575,1.9027948372499595,0.25760459833778665,0.07408226043790157
371,7.035287820736021,2.1530808200998064,0.2400128228277245,0.0788974402550236
372,5.739919204688273,1.1173163776303998,0.28074819046953486,0.04495779641672608
373,5.576667335240701,8.460745557055287,0.24392634346783534,0.36142205500672964
374,7.571092303800428,1.7402450822721538,0.42191420621079057,0.053367707521795676
375,6.337289575540262,3.796541421516633,0.2822136174110022,0.13005213174522887
376,6.3146399202274095,13.606667592721895,0.33211790324412255,0.6798196207457742
377,7.6448169022015575,0.3405932511505355,0.5458075736173748,0.03106664967780304
378,4.197043507344882,12.03274353648686,0.11811449840762717,0.6042028146770334
379,6.653642973910462,8.710164938683302,0.28756667448910495,0.37126606423062364
380,5.875635357082149,6.538865289646798,0.30205830032551445,0.2684286252660634
381,6.433437843906079,2.8549592514759152,0.3755432648675289,0.08913903348109463
382,5.5720786821606785,6.093582606479042,0.3085751572312594,0.22584817703761853
383,5.024267713642046,15.990015025362357,0.2088214701027518,0.8146578806488326
384,6.911684128403577,0.7579199809445453,0.4077575618377195,0.04003026389887333
385,5.015731040693945,0.6223581571303842,0.17805062513645756,0.037718385844824516
386,5.516936179192314,2.23228806355126,0.24230172848461576,0.08039281295597996
387,7.240045926070636,0.8194814120855548,0.3297086097391434,0.04065645792164407
388,4.688698550597622,14.422447144584815,0.2231887757780164,0.7326073219472716
389,6.891314437063835,9.991703299216063,0.4368435760698011,0.48331865200460067
390,6.884673473167251,1.1211234097862048,0.4034528664204042,0.04504093589849903
391,6.6326753479250256,2.5473160916542565,0.3118311465953595,0.08477885797415029
392,5.250285056420909,2.9341473792211343,0.24437653360927333,0.09020966687753428
393,4.73260829019556,16.332868831527243,0.19049463423571414,0.8313725005704732
394,6.859291436624928,2.1529246688123007,0.24928722931399488,0.0788944322646481
395,4.294515889919242,3.7938905358228197,0.13357166801251955,0.12999479630349065
396,6.630828018380883,4.454374647995009,0.33214777878285767,0.1434977136888796
397,6.560899982218135,9.847503378087737,0.30278882015577485,0.47667365339941353
398,6.249417589108566,12.41812011302349,0.3325949179045975,0.6228253353600928
399,5.81075871417433,7.160758194563372,0.19574002979864888,0.28812494474894274
400,6.512639552337951,2.406214958646001,0.29430430628933246,0.0834222555434847
401,6.934402169279603,1.5482710126944628,0.30651579159361997,0.05050027670306055
402,6.759478552816154,2.7604601272400537,0.2880459700663282,0.08797504834736708
403,5.619599392671428,5.213916665088067,0.20685554745469936,0.19216017027436208
404,6.212481079257533,9.418851135534599,0.3319377870894739,0.4395005622978794
405,5.5599364804240325,16.649891005680466,0.19681789496040802,0.846685791289448
406,6.856468954922128,12.606640522322262,0.287678106391204,0.6319105009116295
407,4.083178025179039,10.002068395720492,0.14785992812855991,0.4837939932082499
408,6.284989346994997,13.644710389635335,0.28993912154719664,0.6816298693389515
409,6.379424873370837,7.705297195361612,0.29891475739687556,0.3252489390564501
410,7.745700349795206,15.815068406838275,0.3434984384211003,0.8007191508634154
411,7.050287778167665,4.238232656079874,0.3150026373789137,0.13913855358798266
412,6.750143597299994,0.7425544862330911,0.3657762242872122,0.03968712918986697
413,4.215813107090913,8.466229238832495,0.1939685466307072,0.36164139028133147
414,6.320527296161984,15.983218690778134,0.1575490072290899,0.8143249327482954
415,3.6352726885735906,0.4621377345046054,0.19055631490153724,0.034272526617499625
416,6.283528278432581,6.057009200811263,0.2654693756688101,0.22478620959110673
417,6.594770187350016,1.9773344930038523,0.27962066467740193,0.07567334973525822
418,4.6567419639066205,2.8278917185849335,0.2657684246203684,0.08876544286915793
419,6.130541669716821,14.437947564331445,0.2631713884213838,0.7333807763696869
420,5.462999630786769,2.188889792890961,0.207722639284849,0.07958090542280816
421,5.020146333035248,6.127812385787552,0.22480282521960496,0.22684133203495377
422,5.992576843070114,3.012557485676138,0.30241705256638324,0.09123871043116147
423,5.165747043143786,14.845310588141002,0.18008140347122034,0.7536396777072597
424,4.746604509224994,2.4483705894206875,0.2897912878304513,0.08412712543655486
425,5.065916776528917,0.7852243451660134,0.27564091152521225,0.040361474777166124
426,6.481280555049409,2.9691974775679255,0.2714942636940167,0.09067318399466473
427,4.88722086871691,2.836621053291785,0.22966289539616647,0.08888638995359774
428,5.870235782882847,13.04535147685472,0.23228584190311377,0.6529940799211528
429,5.559294228282015,2.1681154446448887,0.39868894313508546,0.07918593020349868
430,4.819870723375042,1.9112063140653572,0.2118607758588258,0.07426472697449882
431,6.200434454990364,2.8545293500146074,0.27743382853041476,0.08913313284218027
432,5.081276820700883,7.594766900061872,0.1973316739008916,0.3044326754766826
433,6.513906473327856,3.0018032052105634,0.3649217568804965,0.09109929327192068
434,6.504455349899134,4.356246232011082,0.3097756522538672,0.14153656064353917
435,5.820088030733122,8.02158438798553,0.24174899316745793,0.3434975514966653
436,5.431235507558623,0.44764425685029,0.1937241193249747,0.03381069660320364
437,6.4534447880655845,1.0297742301981334,0.18885530618896434,0.043063761801113466
438,4.163633344855573,8.363368911286049,0.12594733927251356,0.3575067352537759
439,5.175853018422333,13.958709519167407,0.18537535404344244,0.7093986107145248
440,6.37443805053747,12.382818566428293,0.29516147417798666,0.6211223225565831
441,6.015182818373611,7.953564362333908,0.1921234492361458,0.34066900727248
442,5.11540742660093,18.394355929067707,0.2483032620653879,1.0101576742523564
443,6.8042199133071195,11.908047340744591,0.30461521274108677,0.5981615216381934
444,6.302314129279481,7.654787648395656,0.29609818530806303,0.3231894959623303
445,5.993410238917707,6.438851939823201,0.28651689404199354,0.2647042537449475
446,5.074941981460198,11.915439285703005,0.1659428593979931,0.5985198766725371
447,5.617409566130478,12.850952300762122,0.2040012829902282,0.6436616192459096
448,5.2428854544632175,1.7945857288010536,0.19228500819385483,0.05404818871639568
449,6.283385201283338,11.944515038308332,0.35712413717095,0.5999291589295715
450,5.837846437605049,5.423913350113338,0.3144569980128524,0.19770113757507
451,3.7062853392622723,0.2939210560439342,0.17554892718456663,0.029367365342635315
452,7.6414939486817115,1.275269384224658,0.29615090482984613,0.048030480871000085
453,6.445363906444776,9.791006389679946,0.23164586388609754,0.474053197022883
454,5.131559705537499,2.2468477742332333,0.2207464764477954,0.08061844599102222
455,5.691525320676032,11.591595114078702,0.2961632679957458,0.5828253400938878
456,6.48447607280317,5.689709593961262,0.1957650580207617,0.20419010726641243
457,5.601139310035434,18.90794373764679,0.2099351882240735,1.0651314112713384
458,5.831478282662283,9.34289092671094,0.25851112913842816,0.3929979424744666
459,5.710037324973707,0.7497765013631404,0.2748443503230156,0.0398480946806518
460,5.142042607952528,11.427152774966284,0.213745769827664,0.5748122673855132
461,6.7218980883709305,7.016898494843477,0.24531779573393359,0.2827354266914717
462,3.3223381651363604,1.495210539466298,0.15167089651648216,0.049809116297606405
463,5.306341468204351,4.283056583659502,0.20614555019185474,0.14005421239059007
464,4.962434502290573,1.1279977914684993,0.14244849518152977,0.045191080986512075
465,6.431568325000003,2.542463463960838,0.30622983732048364,0.08470238594322353
466,4.071461275983927,8.828132257705708,0.22516891426861904,0.37582109199599506
467,4.990885333351346,3.431199168545463,0.24481172959957712,0.0950805551392153
468,4.971765317847148,6.9658521106975195,0.24178601401830627,0.2808275165512685
469,5.508246330915631,13.591215764238878,0.22329889129743521,0.6790840299724631
470,4.071640023864232,7.826520165864989,0.17514886045524922,0.3301754276406888
471,5.873764087037924,0.7461600085707623,0.30718613852046855,0.03976742548378317
472,4.812487858197384,2.906110551325089,0.15660877746622903,0.08983445507783216
473,4.8466310341048,2.049725625409484,0.25575276145211495,0.07716304441435112
474,5.9198797987411185,3.772278940476451,0.3032657378969513,0.1295268243809473
475,7.657222427289163,13.490642591446719,0.42442456390698496,0.6742918076214507
476,6.32693757483914,2.25201537778241,0.26527430744419783,0.08071298438687416
477,6.268220288549955,8.747832435535475,0.3129926732511526,0.3727279636901771
478,5.604650440292889,3.623216762535995,0.27493522900011375,0.1268459540805811
479,5.77487929536601,11.42501311034436,0.2123213646202604,0.5747078806059818
480,5.720831140853592,1.5851906368071422,0.24762523844427586,0.05101976144744056
481,4.56026645968617,4.37600064066492,0.16283374137370116,0.14193384218779603
482,5.719729680882295,6.243237199424546,0.29281545321239466,0.2586572155181328
483,6.79778075101049,2.5731482406549775,0.334353167078796,0.08518319154924811
484,5.367866729796119,4.99686496402136,0.2754288855213234,0.16830401426395564
485,6.464792552499851,1.9277848465205731,0.3272911303643803,0.07462218210883576
486,4.8100849070244305,18.999092354581194,0.22312235197276806,1.070173730858302
487,7.492547849581636,7.513207384088694,0.3357054458251711,0.3013697201785317
488,5.095242830267568,6.19780599588023,0.2211806232703564,0.25696954366421293
489,5.401876035240764,15.225937341724567,0.23485849307853754,0.7724266042435257
490,5.129900428757643,3.271985959277112,0.16737265715436808,0.09345401203937702
491,5.471121131352976,18.33697673000167,0.22438438501616928,1.0071523985260558
492,5.44578234489557,0.7386372221673071,0.32045598475762344,0.0396000241233098
493,6.371545147578195,19.09507472049237,0.23310108909618818,1.0754787469055636
494,5.514517091000783,8.23787149570337,0.27363837266311825,0.35240728079743827
495,6.179257193574248,5.28271528459725,0.2989191674418891,0.1939960752819959
496,5.816198951238651,2.3533691698852617,0.3117925636031037,0.08251759198710173
497,6.178696641849263,1.2978782357664516,0.3372804968844927,0.04849249949010219
498,7.519659665084856,18.464623566908152,0.4071381517533104,1.0156904922952819
499,6.811470325291747,1.5828007400272799,0.4079888996255496,0.05098237470107127
500,6.766740647859801,12.849170683690584,0.2495114092480423,0.6435760039690898
501,5.757651979127847,0.5782025022755378,0.21831452473735127,0.03677827493565439
502,6.689409643864221,10.36096941328186,0.3441897060559343,0.5000817418845719
503,5.477021192591015,12.47184387925207,0.20520090834954094,0.6254160005584698
504,7.2058175334740975,1.6317792051007245,0.3114327778792,0.05174265491076644
505,8.466363404145213,17.940794096262152,0.4007378379317654,0.9597888129204929
506,6.478205464167006,2.5323438259022977,0.1599451585325213,0.08454233569948277
507,4.505543680298236,1.1209013812528426,0.2436498708985799,0.04503608683732492
508,5.977173878520852,2.9740097617174257,0.2098080654025156,0.09073640161734715
509,8.047397357590292,17.558415626362546,0.4114345870958002,0.9404797441982674
510,5.522599815250726,0.8572853616293358,0.26903510467912345,0.04148981187744827
511,6.057885892107136,7.637681036812537,0.2829260698440004,0.32249127430499125
512,4.785480174844335,1.0406285301859541,0.24615613924975407,0.04329534416959082
513,5.8407137517905765,7.470706357988005,0.3212492438414218,0.29977239029821284
514,5.529031359987639,1.1061681882448646,0.2148722242530387,0.04471444941757223
515,5.894355934882672,15.719197407423835,0.2868387693506551,0.7960755316074904
516,5.75501163923511,14.241660098989815,0.24606837976384394,0.723574319872177
517,6.78527603179806,18.657655768626498,0.3247657330868571,1.0512635502192529
518,5.208834666830614,12.787244352394794,0.22811656095678326,0.6405992134760031
519,5.785339703231425,2.6522938322702507,0.3377704621217428,0.08639227807306293
520,5.118785752183381,3.586378097104578,0.15855399739614526,0.12620197282453416
521,6.890990452840524,2.03522387906669,0.2990953335353868,0.07686897109968151
522,5.756292991396265,3.9440667388503146,0.21640853083736122,0.13321956128091342
523,7.295333523711881,1.5962133233745233,0.45055171823517,0.051191617877295134
524,6.608248262740168,16.686202137026186,0.16948502922433048,0.8484311871038348
525,4.930803115919154,2.9580161596132775,0.1448774631159465,0.09052586863862921
526,6.810158114048591,2.2003709170849137,0.26224648073755624,0.0797973874063633
527,7.453064794165562,15.26294894010098,0.2946188690153602,0.7742448514523959
528,2.832155062191154,2.2860348940031474,0.10052789352877806,0.08132914860561988
529,5.28615944724367,2.993756535256497,0.3023088335553604,0.09099461583054363
530,4.658399272751743,6.168341980954085,0.13610961010876377,0.22801649858456421
531,5.61880047284819,8.490495378694096,0.3031326205018788,0.36261047827421755
532,5.655105405684542,3.035159290817298,0.18593886837281498,0.09152994791031727
533,6.513087380069141,1.5052145912528339,0.309980128481385,0.049974348631401044
534,4.52488202862295,6.053244821337171,0.15333461024723635,0.2246768510268711
535,4.765395626690767,1.1627356663762254,0.22829288777932047,0.04594911871356665
536,5.456693091953467,5.98821475795144,0.23692766267470036,0.22302433022590354
537,6.358294220866051,6.48730847651611,0.1833260969613795,0.2665072386339952
538,6.448111616307968,6.381444392869946,0.2723798878159493,0.263803395425839
539,7.689444339482111,2.3192491422487183,0.37914543731950423,0.08192047620846828
540,6.890258021915034,2.7445731286825112,0.2616904085704231,0.08774735840866991
541,7.376087617912844,1.7377730599885441,0.37180221425876897,0.053331656959930474
542,6.2549795295961905,10.04367280755511,0.3360615695048705,0.4856989791763399
543,7.838073437771274,8.158606183420323,0.36962387668178665,0.3491584257450214
544,5.388841922234515,7.604109106032878,0.2838283785987656,0.30478325797861744
545,5.961854070616403,17.47960147523362,0.25710641034159526,0.9364845676188642
546,5.017530466713004,13.099814413455611,0.22795345756482113,0.655605196383488
547,5.8979421599883315,3.070272867845677,0.2424273192047902,0.09197829321411147
548,4.543133768449256,9.19653495508666,0.18404534226279576,0.3877109136363
549,4.728903360748585,6.516872043970662,0.17090841123561282,0.2676086037773348
550,6.00170973163346,4.5889969904734205,0.23744419113258494,0.1593125823270137
551,6.085830085345337,1.055100064506592,0.2516945899444012,0.043606029219136075
552,6.8543261992060645,3.963063241068705,0.28700666567682936,0.13362398075509982
553,5.011921400760806,1.4804713438884012,0.20833142222320275,0.0495642105206032
554,6.280790862556005,10.566459609314311,0.270067559120304,0.5089350377816975
555,6.081650581186558,8.697004366437733,0.2654968681082915,0.3707536987197528
556,6.663923172288487,1.1945822289376578,0.3045040924179229,0.046641040220289004
557,6.88380611651953,0.7397993968494992,0.4362358131792034,0.039625852632045086
558,6.315293237069313,0.8397272343463974,0.25565198545166706,0.04109631524104077
559,6.188650580804245,9.893419853300202,0.2633436017283869,0.4787961935656119
560,6.3260596057095215,15.589185928012995,0.2963272389775785,0.7901992670980466
561,6.392932541434493,1.8855625172803236,0.1996011918171451,0.07370612657658884
562,5.846203282554803,0.8421058865562299,0.2798603297083673,0.04114841878467427
563,5.173180547436783,7.965208653666491,0.17960801234138635,0.3411539997666349
564,6.2400831267123005,4.363892872851315,0.40610815363632885,0.14169048741134746
565,4.291858787516959,5.743977123114556,0.2407593372010135,0.20553468251364407
566,4.172990449532942,4.076441054980002,0.15131172374245352,0.13587014317918691
567,7.229518571194341,10.602283262207461,0.24168406186042507,0.5105278491763824
568,5.500451314420391,5.366972631183102,0.29704195897296076,0.1962171236024345
569,5.795028586171325,10.386788222163815,0.26898260939154134,0.5012416084118217
570,5.797608226007209,6.875318204360502,0.20069143260850061,0.2779719818127446
571,6.512644213545334,7.4632760468135375,0.3493013430151565,0.2994930780550776
572,5.827989120306801,8.632560017281321,0.2369173787931679,0.3682330287371037
573,5.522781456473725,5.253224240214161,0.24510136923159054,0.19321156450343493
574,5.410008092118103,2.3785047433021047,0.250130414475539,0.08295090211580974
575,4.678849576880365,2.744052827381664,0.1889489303741387,0.08773987451119726
576,6.482182779421199,0.4318687714904354,0.383735736452078,0.03329662168263755
577,4.915587778507129,0.4826151356538499,0.23889787706981033,0.03490667191502366
578,6.962925906095878,3.5748898702447613,0.2676395444201622,0.12594719488460895
579,6.29509224720291,10.380257905819033,0.2868889426216235,0.5009483844692356
580,6.916207387280276,7.954096728782794,0.1927353443057417,0.3406911873985255
581,7.715747531961161,2.643326220182435,0.32201166048569135,0.08625752206195893
582,4.892844851468117,3.785524777486861,0.20444248493837622,0.12981376017111532
583,5.139220288542938,11.437238706172018,0.20014978432825242,0.5753042807671865
584,6.431858677283471,9.999904715510684,0.2834426113171396,0.48369479198944815
585,6.470202021201692,5.827194083602678,0.3031879892856785,0.2161790139587644
586,5.588871978124097,11.783415076012858,0.2578879921390158,0.5921149057343182
587,5.315115303610489,18.142198546023554,0.16214750251569574,0.9699137229678664
588,5.1652818902581945,6.0735805342574825,0.280532091584268,0.22526749856883668
589,5.4402511332887356,17.37034668662147,0.20806655824411835,0.9309370237601381
590,4.082605353249776,0.6858969646199876,0.16420766492119018,0.03859915712410068
591,5.389486597003498,9.69575206135045,0.2043352723759773,0.44942223708345286
592,6.896683255246081,0.7608920557972537,0.27722750976658145,0.040096945259782364
593,5.575433811031735,1.502554976056524,0.21307673232315152,0.049930499413723045
594,4.522981398962289,2.2227552556999886,0.13896669650532292,0.08021593282941249
595,4.494365909244903,0.8685746786826248,0.1626208862512333,0.04174944985954423
596,4.173245049716056,8.152283388775675,0.18808667426189288,0.3488984094646396
597,7.1523559589888945,2.3001833574908113,0.32878662162134054,0.08158226668078897
598,5.799437827133117,1.1574014732801263,0.2823703083601932,0.045832874515935706
599,4.362442641068136,1.4702275709075772,0.22576517331428728,0.04939297096860344
600,5.735145656013239,0.4405583487775064,0.2691535500022929,0.03358116454279368
601,6.838907499596121,16.717206622700907,0.4791199964342431,0.8499201392821821
602,5.066674082237056,16.139623700944767,0.23233307295977432,0.8219712424610738
603,4.71677811255939,1.6812180535212997,0.17491630657456225,0.05249475179100742
604,5.1306228555051705,7.7765162669020835,0.13130424980550656,0.32814638078082364
605,3.1616262487063937,0.540179168156969,0.11387825040129457,0.03580617868002815
606,5.94571965462893,2.301197291113238,0.278268016410357,0.08160033593048077
607,6.5073026800350116,7.277073178458664,0.34292258370231443,0.29249282734360976
608,5.107297578318893,1.5363896544782707,0.19225687668327843,0.05039390007102629
609,5.103376991360869,2.2226034778931845,0.20483709057516447,0.08021310960630354
610,4.889683287553177,1.0222307697677666,0.17633298408507977,0.04290361115238577
611,7.516968793495259,1.0957946157584832,0.4015258981225987,0.044488270273812885
612,4.700047827860296,0.3396597846574714,0.23041909887116874,0.031026339421120278
613,8.05827889033599,2.218893951940634,0.32600014112401365,0.08014404020926194
614,4.538902530445901,3.0358710460964087,0.16392997669815723,0.09153908091475618
615,6.721430255585495,3.004637989750086,0.30672520166657014,0.09113609645177924
616,6.887912202359748,1.857142477191489,0.2695091706076171,0.07307898763728327
617,5.969804885414754,4.511239680110827,0.29485537228221065,0.1575144590434087
618,3.461987891247043,0.4427021094482146,0.1907215532283428,0.03365085372028377
619,7.595460139630968,2.842745400675352,0.4445251420985524,0.08897097983294258
620,6.108447799918873,5.876579973753166,0.27492249110828976,0.21757868333733035
621,4.438004639748724,9.34836344539434,0.1637548249756273,0.39319354301833287
622,6.104052950669426,19.730842323168126,0.24839603573856792,1.1102300244528671
623,5.92098337947805,3.2581027350447855,0.3439434410497428,0.09328774058920371
624,6.548336462638794,15.518420300743582,0.3926927671402916,0.7867500054276347
625,5.358963915316955,14.360062540917198,0.2568057032509063,0.7294927087669526
626,6.329076334428994,1.0519994561087769,0.2400514702094532,0.043539289900968205
627,6.139067518203226,4.05951118943678,0.31282895953914486,0.13559987010370547
628,4.823061874665714,1.5147402443760218,0.17087862788838232,0.05013093278585416
629,5.959030344478509,10.141383671219547,0.3676315377591092,0.49015476536246366
630,6.159046574638199,8.599130970874253,0.3139833318070714,0.3669179463317325
631,5.44808428011794,17.648463169591444,0.2561126459710463,0.9450377186759144
632,5.2002686255842905,0.5863254618501637,0.23409966055684453,0.03698150604192339
633,5.65498517635379,3.1518502148405925,0.2768349244206682,0.09247526844596939
634,5.55687368144302,2.4156297253032286,0.2896122857107205,0.08358090957013137
635,5.209651446757987,6.832543013590851,0.19980686353614344,0.2763759437635095
636,7.113664286188652,4.498005036757745,0.34352106858175274,0.15720601625577493
637,6.8147585660793935,5.120536620296814,0.3215860564120692,0.18963620306917608
638,5.439776690939617,1.0623854691935313,0.1775867644966028,0.04376316823462288
639,6.087747144352967,15.568527465208511,0.42835399326848606,0.7891930212088654
640,6.103401110099781,2.1239062691710373,0.2126834193460218,0.07833145821530256
641,7.159171401836847,2.7166813516790684,0.1756777226804941,0.08734371786570042
642,5.597976170502049,1.5408059100530325,0.21543621823092768,0.05046523759784961
643,5.244299073685315,1.968557311807509,0.16578729421429017,0.07548902114134598
644,7.931619506162676,2.590490611477469,0.35482407582416114,0.08545199852132197
645,5.29246230775589,1.7139453071756665,0.22224171962434877,0.052981802613008264
646,5.714155129303059,3.432681240369313,0.24724984843420253,0.09509750857352112
647,6.710437360462243,11.283235706654184,0.2686194517585853,0.5677835427868462
648,5.061851102978665,11.610670116345702,0.16894533734710868,0.5837536715568388
649,4.652639131313966,5.865825949213726,0.17207888067062385,0.21727426560802018
650,5.092465003371556,4.826583400452939,0.22664495358715545,0.16464517939622683
651,5.861392885914328,5.682684689898313,0.34597220648667015,0.20401524499901927
652,5.886881587665573,4.108470225132119,0.2753906068973867,0.13653973295267194
653,5.995955016990172,0.6339993159107579,0.32136896046186575,0.037999398402542614
654,5.273931226805627,0.8155428238210989,0.15831295505638696,0.04057158715672497
655,7.872374495654914,3.774920446003318,0.3303934269342855,0.1295840742887778
656,5.760831680179012,0.670210384352348,0.30706142808359466,0.038244015580764054
657,6.69715122581726,1.0169086248460841,0.26223762118623173,0.042791030354471966
658,5.404616906274238,6.127034557662626,0.19700374836980225,0.22681877105996753
659,6.873417749263624,15.82027310051291,0.26039102103795203,0.8009708744356594
660,4.4191842182277465,0.47461023951405296,0.2722154582006559,0.034661343597672076
661,4.348363428035097,5.683267675831299,0.21011049950068703,0.20402976366651446
662,6.946948169097975,3.421379585968243,0.2282779056655518,0.09496807064698451
663,6.108622143661417,0.5150905870420449,0.2714633803424647,0.03513882629460773
664,3.6129066382693034,9.810801290237055,0.1575859555930958,0.47497245259012283
665,4.847366449028988,7.896960062641219,0.1714177932482285,0.33302506002478777
666,7.506286713575554,15.215322042871836,0.43711867292116097,0.771904815193021
667,5.82240836900128,7.017488335773029,0.25488671319172385,0.2827574875961922
668,7.263563464672995,8.14180365270154,0.3297296323074378,0.34846717456883364
669,6.576692886506139,2.3811631126488373,0.32783310615097727,0.08299640779597917
670,5.275694627957936,5.26853609297038,0.19163209538455211,0.1936193466826276
671,5.522574819913024,6.018154436379947,0.3155377461210748,0.2238959158378404
672,4.955453557180638,0.8678924563395409,0.17921988820360243,0.04173368893219129
673,5.475256112928228,1.2832384610468528,0.2808962962921838,0.048193796714444015
674,5.802996712922303,1.5871182290762336,0.2749035975115934,0.05104988347109967
675,5.827029194753025,5.820908297790996,0.24398995929201928,0.21600054814426228
676,5.734246971311309,4.676380212516338,0.2678383469320477,0.16130322000710554
677,6.0080340918368424,2.108764808014863,0.23838136549124944,0.07803551224444347
678,6.825011846178936,10.054732599750043,0.3920364418769445,0.4862045925133192
679,5.422824342789802,7.612331622981546,0.3160592580220164,0.30509176887687256
680,4.4658612953840935,1.0524547816866088,0.15159057581207727,0.04354908491205384
681,5.558594765206737,10.05506985839094,0.28420763529435883,0.48622000557078177
682,5.5509087549030145,2.0074839319753663,0.3100821796759419,0.07630038960558903
683,5.584666534046668,3.597766002549144,0.2733529778299875,0.12628444976790645
684,4.384923009604632,1.2040657354038993,0.16048910771697159,0.04684614073734708
685,6.676222547441532,2.8195082713737256,0.24602071851989285,0.0886488675982032
686,4.327226222143943,1.5510489597687946,0.14471394349718736,0.050544705196035336
687,7.346108936176686,8.556658604859685,0.23169781518394902,0.36524001993780447
688,7.39810795028676,5.42459871008757,0.3231454445766681,0.19771891704719832
689,6.499115350296336,12.8985513918046,0.28389504788745923,0.6459484210983905
690,6.5561791534411755,1.1198494062913273,0.2946026173018097,0.04501311236963716
691,6.7983879886360565,5.19484241386727,0.4141074120647648,0.19164760999810743
692,4.040122267793843,3.6684540610641827,0.18085190269015275,0.12784071119537646
693,5.505181643677547,3.7442544495367804,0.2098797112683224,0.12891856552672162
694,7.363156391695955,9.136387037309746,0.3347833489879762,0.38550635950228723
695,5.490822977995898,2.9272812273976476,0.26136958810000216,0.09011816197587572
696,5.766525468483029,7.688146091438019,0.27993657760497176,0.3245500138472589
697,7.735991290954099,1.8211941380851786,0.35272130452748235,0.054419497699906165
698,5.429097352529145,1.0069368822432052,0.3042224447113327,0.04258104323175073
699,4.509690188960529,10.135569392577708,0.247712565043325,0.48989031878494455
700,7.282643032465573,4.410010465532387,0.4066989065215693,0.14261491934901613
701,6.762149017675495,1.6463962332184607,0.296615476093464,0.05196702545331433
702,4.852009561442991,3.4136130022183377,0.23519499754608494,0.09487890684118144
703,5.015726910162871,6.259418695601004,0.2243555893897336,0.2592587606318199
704,5.0047132653125255,1.642165531171071,0.30089930120200276,0.05190225520747867
705,6.351328007859563,1.2000550810010813,0.31376763729384943,0.046759471025340144
706,7.1167833182191025,19.40970151662165,0.33220048946035124,1.0925867483935023
707,6.46833479553434,1.2136801887260247,0.33707204851038325,0.04705348487336037
708,4.403564760815291,2.188016933926655,0.23012812214272257,0.07956439487441067
709,4.197164873180356,2.7629202196343248,0.231544578275983,0.08801016402116474
710,4.11678731687073,12.182208065265048,0.23706755170984717,0.6114337087427222
711,4.5892248937974225,1.818456314651724,0.17923692514841358,0.0543815410372734
712,5.860737873984341,1.5022120661819363,0.301172088987593,0.04992484170729725
713,3.541545338537405,1.0054451419261567,0.11070201078050876,0.04254973845494922
714,7.089463172224616,9.26255650059219,0.2992122640789771,0.3901093556823249
715,5.525815311802875,5.023880850205578,0.28310641690153676,0.1688713956196368
716,5.859129595466809,0.7542763188083468,0.26778737129374375,0.03994866161067151
717,5.17476083664698,3.44898209031807,0.2836687831354144,0.09528356696242188
718,7.279473971878843,19.124240670925726,0.23470793096862172,1.0770898038736738
719,6.317479054669115,14.66706164389764,0.15160972082763471,0.7447921650001017
720,4.933598506589376,4.978953181674224,0.1793210948201595,0.1679258395811188
721,5.06988572567807,1.582609899109357,0.16850850925469069,0.050979387321045844
722,7.973661626704008,5.437278197960549,0.3550432870816925,0.19804749279977948
723,4.4521469768765085,4.226682607269007,0.22927306629764962,0.13890168226152588
724,5.03723715167854,17.37776205729284,0.2280325909529656,0.9313138978814856
725,3.922716808528596,0.36860178397784726,0.12945211854024866,0.032379549279564684
726,5.169944385427661,2.018906310944502,0.24723331253566797,0.07653547831012163
727,4.715944069478719,2.80690978806391,0.11705505364986352,0.08863178287665449
728,6.89065030637431,8.484696490091945,0.1845781051274965,0.36237911937199146
729,5.109568697698869,8.984294149794117,0.3447760258627553,0.3798484794587128
730,5.466815572925104,8.576157731477618,0.2136771980607116,0.3660113381017466
731,6.2211506290118725,5.099251564863078,0.30039595604891994,0.1890557533106466
732,5.915104431549213,4.8106675306254925,0.185800228056117,0.1642960267189507
733,5.211096539668746,1.888701033601747,0.23344263944518143,0.07377486393737617
734,4.109038398578778,12.446690652197532,0.1526009371200193,0.6242032230840834
735,4.00264770838134,3.0472655347491435,0.14544915310803658,0.09168503674936024
736,6.243895600388763,2.361401652066371,0.3257479197841448,0.08265666413623074
737,5.150210621424291,10.19578053408021,0.26922991336093033,0.49262473414726055
738,6.143720578190784,8.354702100345396,0.34839692814556056,0.3571564318167163
739,7.0115331986832095,2.0654875445751384,0.35912035054453195,0.07748022886065144
740,7.326516172112711,0.43674224716215343,0.2910504404236767,0.033456601775278975
741,5.888344042799793,0.34824331983381684,0.28899129194091566,0.03140463613780209
742,5.164617733600746,11.840366577684364,0.18407335391430465,0.5948790264701027
743,5.217646034513269,1.0948280333942602,0.2154009552267807,0.04446721316745233
744,6.492862507376667,5.685619430349502,0.24956449451982923,0.20408831861351925
745,4.226184053553328,5.467716265237488,0.2140158688724316,0.1988335394821853
746,6.475817304905086,1.5198117832201117,0.38806989203032166,0.05021400255604955
747,6.48098703809968,3.3449884081294745,0.36469051570965044,0.09408316906945188
748,5.186217420356017,2.9694353685184294,0.22917607650102825,0.09067631180643498
749,5.524956302577688,4.088160195043389,0.2276118777749152,0.13611543667935352
750,8.185190495694183,12.04365161580252,0.4491142847212784,0.6047309074922257
751,4.424439658545567,14.342123345211272,0.26044070797997165,0.7285965894761091
752,5.043584152146914,0.7258267673358622,0.2913575695061796,0.039315990622533936
753,4.231800012069647,3.069486043796041,0.1541872491476844,0.09196830285534488
754,4.939758695757669,1.9144234962618483,0.27459043910457975,0.07433431943167762
755,3.7981244213697356,10.00397859029079,0.19228922830189757,0.48388156171296337
756,6.2615401348107556,2.273608350560929,0.24120010645993392,0.08110532056770876
757,4.9868930397067475,3.8547461345034333,0.2051395169308742,0.1313073485018423
758,6.831958545144485,7.93948906660668,0.3030762520374156,0.3400823551289942
759,4.393855955851974,6.309471311595352,0.14585596407129206,0.2611210326439773
760,6.098469742972722,8.795746797613218,0.3102822760018305,0.37457764589272685
761,4.650204955732405,3.1300022799505745,0.24728264950748122,0.09220407696309608
762,6.770932950151655,4.652919651369476,0.3335394481187592,0.1607720110401689
763,6.682188737928949,1.7769809409216435,0.19794253032775247,0.05389774342293339
764,4.468931599494115,9.727212196169182,0.1858080865773532,0.4507984265474843
765,7.375389842443705,12.357341407383402,0.25862351376426607,0.619892908317184
766,4.499145197342651,1.9609065998488697,0.11461808922727022,0.07532769192218841
767,4.909406780262333,4.019177993427188,0.19456604872161445,0.13474974253721703
768,4.962122549776285,0.8252014084668615,0.2061829073462449,0.04078010344235265
769,5.941388171699107,0.8510118530991736,0.2356874309211162,0.04134779047492055
770,6.217712252960556,1.0717533036750058,0.2285213766720924,0.04396581520299109
771,8.758943714890425,6.206390811942052,0.35141592051069137,0.25728831813648184
772,5.27035562828884,9.962718652072292,0.20921514643008648,0.48198782140708163
773,5.717793107315535,1.0149274869234537,0.296573172646932,0.04274921171860595
774,5.515121473789936,20.68035562232696,0.23020231383601128,1.1794828152535075
775,6.389939229397117,2.3334572145787766,0.27945606520495464,0.08217038451144362
776,5.631360570529379,13.351807372884455,0.1724750672390086,0.6676646557356986
777,5.272288375339282,21.519503516841947,0.2854366845020014,1.2263873273942751
778,4.899686339931163,11.528806725657702,0.1759980828542236,0.5797679069069234
779,5.329051304112309,2.6042176383019613,0.2727775165240563,0.08566320628832062
780,6.311325659864205,0.43842799533691285,0.33679424878888364,0.03351170590148668
781,7.828836280746269,4.158389398961776,0.37938984040147367,0.13757810517988245
782,4.424041714862757,3.8904201162345173,0.16540868518807808,0.13207314603513462
783,4.951785811303917,0.32625652894668056,0.27473660115735554,0.03047301935460832
784,7.307081504176441,12.439280539446182,0.40796391786069225,0.6238458863722555
785,5.056134999576529,1.0773659645285005,0.22300958890777214,0.04408751064576628
786,5.5431793735619825,6.1506340659111,0.18327378624502844,0.2275031439155144
787,6.340473269604692,1.7242222353675236,0.2756389792334378,0.053133173567228284
788,6.197767338245099,2.9235587885055465,0.22387936616376322,0.09006844990314791
789,6.4219132335700815,3.6423325631344814,0.31111528481841894,0.12726681782614482
790,5.8417216175465905,5.414532308535235,0.18593398609699138,0.1974575794088368
791,6.679274296775485,4.320770167275977,0.21837144722806662,0.14082006686260493
792,7.1458618634167035,2.4149040041322505,0.33789540327688083,0.08356870668608457
793,7.004622757342786,0.5185645973123266,0.388622318434155,0.035232670387323015
794,5.72734718141355,1.0051476364025964,0.2586364846059182,0.04254349860532004
795,4.793697009009857,6.093060050247483,0.1419960044482379,0.22583301004841186
796,6.34572530282655,5.750291838901836,0.2171720582358628,0.20569043177523813
797,6.596911179115399,7.108110792502219,0.40465830773725936,0.28615063413634223
798,5.858920108734899,0.6947331439359442,0.28981417669625,0.03879907212907417
799,6.658280475972931,1.65695390266439,0.24260676940573547,0.05212805241694024
800,6.51345916256017,1.581048790965677,0.23246632040109963,0.05095493938186252
801,7.090166362103886,10.740336535655889,0.3550486076417694,0.5166423184186816
802,6.460155672247362,9.243064085859707,0.18373317473667045,0.3894035490763909
803,5.159047559840778,9.043710330898815,0.2558998775866049,0.3820729747540545
804,4.58224521781301,17.525260492153933,0.25506962158343865,0.938799745045477
805,5.46701661175143,14.336740427530373,0.2755951195698538,0.7283276543928606
806,5.526793495844286,6.51736315143694,0.28421537951573267,0.26762690840226117
807,5.103945746584538,4.170134981467864,0.1326637273519177,0.1378214763971664
808,5.621185248590352,10.826857686308218,0.25281066320306206,0.5380907905047246
809,4.296551183468698,4.7795188573764475,0.20199416600799838,0.1636092438647788
810,5.590224325271744,9.436149475711034,0.30673926381278,0.44027497473364907
811,5.7213468425162874,1.198432374952468,0.26214140050073304,0.04672437564826322
812,5.8714831726471965,4.230802319054592,0.2809948218819946,0.13898621334176461
813,4.399714718806183,3.8360110203412603,0.1963543172775985,0.13090408832715525
814,6.094417942685773,3.849054684637766,0.2707627459793132,0.13118492225818848
815,4.891816408770704,4.320546278515082,0.15294297017233255,0.14081553288684737
816,7.004161406375616,5.896825437599035,0.2810852675406362,0.22035826303177128
817,4.692422184581414,5.739392675947946,0.2703446027290057,0.2054215176561051
818,6.264080815280752,16.222503960342003,0.2318370725431926,0.8260095435635734
819,4.168588097140448,1.4925280866142,0.1742461037860192,0.04976467478081491
820,5.279545083602426,1.0691815338962245,0.21634537740491042,0.0439101207523053
821,4.094871928762606,8.4638471773027,0.16472810025974882,0.36154612833317207
822,8.419229942673532,1.6244592895053196,0.49646665340573876,0.051629670287027966
823,4.52454188060084,1.8314979982095911,0.2902614920581284,0.0545618415001292
824,6.625057164046296,1.195804294466364,0.269806211914017,0.046667501457821635
825,6.22412402728732,3.760953771736129,0.2566144465262052,0.12928120976667062
826,5.0112965032269345,2.8777323778247914,0.22354974838523053,0.08945036840932544
827,8.677435232791886,17.78869673094946,0.3901300002812236,0.9521224481458876
828,6.126490847388176,7.254071436388893,0.2150824778499708,0.29162854072405925
829,6.96200639368007,5.366555718844944,0.23570857866628378,0.1962062076063507
830,6.446177038416395,5.239061384463285,0.3416414587342843,0.19283349485736728
831,5.8123003710687495,1.8576520180970304,0.1797466940074073,0.07309030625058366
832,4.160951125763634,13.113744019862644,0.20048937961975358,0.6562727675355307
833,3.5745803563784055,0.8673688878463676,0.20030451167778174,0.04172159951326465
834,5.967390751133187,8.608276984445329,0.3083148411780847,0.3672782504356528
835,6.503535191723528,0.8937125589721158,0.2671540118790175,0.04233669091906224
836,6.410012473613578,4.027419329157179,0.3199336495638831,0.13492376685134946
837,6.405618319191834,1.4778792979076152,0.21393922938080948,0.04952096054666687
838,5.101146298802596,4.843889796896389,0.20678003448252483,0.16502346726975628
839,4.873966497251008,1.2721158983630225,0.2676183234216958,0.04796571848370462
840,4.621802459454565,4.090291807617645,0.21435696116344907,0.13616001677462755
841,6.518630960779213,0.46236997874779023,0.2518074219252681,0.03427984009127644
842,4.025694509723643,1.6413077754937802,0.16650500016451772,0.05188910637300183
843,7.486568128159562,8.604494747975302,0.317470194697617,0.3671292963575535
844,6.216261960610912,4.323145698783116,0.19778717707111024,0.1408681644573492
845,5.019412207310389,3.9851943450061427,0.19897754485721394,0.1340304598905875
846,5.9245188310828345,6.3342643786753206,0.32484350110359644,0.2620444204485271
847,5.822707357336497,4.4014650650657865,0.23464739716602712,0.1424441384943382
848,5.082164404395228,1.7272051214573367,0.24175993083454503,0.05317699082594046
849,7.203899020825481,13.220505155898666,0.3102617271325318,0.6613856654179163
850,5.945193935038517,2.0305374405962193,0.2335356083181501,0.07677347327944917
851,4.349951438487062,0.4167181270595844,0.18196101148482768,0.03279729077361869
852,6.359602199001809,1.2318849623727746,0.21421225535155025,0.04744439603040909
853,4.735841120221367,2.8737547298127653,0.1655174449860021,0.08939617832950832
854,5.708811709671319,0.35304722049483267,0.14616465263101602,0.03162398040975744
855,5.851795948896084,4.719026763815244,0.31114736228560663,0.16226259530511147
856,6.476596850447974,16.26372802730188,0.2874740950756171,0.828014685096304
857,5.560544682472757,4.936303440466348,0.31311625774713536,0.16701898526441356
858,7.004816691595363,1.4319046655879966,0.36446519735110255,0.048799844623327135
859,5.988205350431351,0.6093171467187133,0.35062076791580454,0.03740678974951765
860,4.8994124717072,4.641655079493092,0.23181669415239783,0.1605160974537937
861,6.075443028210507,7.473980419970798,0.2831518680170645,0.2998954607699575
862,5.606992593476803,6.46733109571524,0.21877196870281163,0.2657635845451592
863,5.043430176644342,5.0764065193142,0.19087632989193576,0.16964726488092516
864,4.887371689266561,2.442217177638106,0.3301443226342891,0.08402513899861208
865,4.718982704703787,2.6736585393069943,0.18950263805333648,0.08671108594004533
866,6.698386215917175,12.224084727947508,0.3133441836269055,0.6134577100555693
867,7.329505534583226,0.5470491472661011,0.44145570450594246,0.035984990880963276
868,5.40066814380211,1.9405438800684045,0.2313865812054732,0.07489531856757159
869,5.863139183887377,1.8708465514808281,0.27462168123501857,0.07338245020084017
870,4.503394307652653,18.347715099822327,0.16372979195669032,1.0077150240924506
871,5.841981082763925,4.075792125422448,0.17238039683399395,0.13585655048360015
872,5.8852385697568605,1.2021622956278728,0.20963807807206666,0.04680502041086951
873,5.007398359699379,11.747887549511953,0.22060911141305797,0.590389639942158
874,3.968808428979701,2.548316390203714,0.11547434309696564,0.0847945994044314
875,4.605371587211018,2.644644567893885,0.2680790177188836,0.08627736796786026
876,3.9202774263374196,2.2083995935952507,0.11810481116068267,0.07994801339632343
877,5.2793755539026614,1.0919950991666552,0.16076962337168976,0.04440551786889148
878,4.5645773282883555,3.3564129130087266,0.1741996446987718,0.09421665990600114
879,4.379987653222809,4.7725929040695005,0.2506546598830124,0.16345591861439093
880,3.930499034314871,3.4252639517913948,0.18444858336284084,0.0950125995132494
881,5.914375247155995,2.6124395898484,0.2857185291450231,0.08578905788429607
882,5.235262601258667,1.5514345767266127,0.16046216332892896,0.05055086768361483
883,4.268413686173746,12.099652883234063,0.23364311818952027,0.6074411567975496
884,6.355394858508856,12.24568113257772,0.33032821294038367,0.6145011948126757
885,5.337299706589675,4.984296942131338,0.2602179235355838,0.16803882967951483
886,6.0555026839800155,8.020409742101245,0.3000197920465671,0.3434488009915508
887,4.442387126695288,14.122086202457432,0.17876261611048003,0.7175888454308538
888,6.381638656361381,1.1283763258646202,0.3462852876255869,0.04519934884817058
889,7.119643938976315,1.0079837319766778,0.25813234535912194,0.04260302884825988
890,5.431505201314754,1.2799429962349267,0.2189292013167123,0.0481263201753407
891,4.55480135854304,5.4788535949565516,0.1258860018736308,0.19912019839095593
892,6.336641390489743,0.6683210260205512,0.31913606953392637,0.0382011855686051
893,4.965342595949943,8.567500026180461,0.2658800991175056,0.36566907690911815
894,5.067587502695109,0.5526675523148245,0.17360160617124956,0.03613009481661823
895,5.556255230848621,0.44366114739119494,0.3034398512377113,0.03368196161238733
896,7.654625932236095,17.108624680236993,0.31577960778177455,0.9176013919848399
897,6.976470734587723,2.3289809899372327,0.40643564855219466,0.08209184650682669
898,4.807882902934945,4.9312716887644825,0.1608172305855807,0.16691140514489652
899,7.52768723785947,3.8274634506170604,0.2840291943192779,0.13071986303508656
900,5.732571535625026,6.57992992049199,0.29096023873349336,0.2699613095244967
901,4.36972595291582,15.624421795505995,0.20497620442574513,0.7919142316656279
902,5.83757308849257,4.895318505838586,0.2952373987487004,0.1661391083585608
903,5.197982038600359,2.1081707358841313,0.29615192841754717,0.07802385407386248
904,4.557042757315556,0.5186450562947568,0.2698003188305794,0.035234838128104795
905,3.9131955247028336,6.53304031339064,0.135819634288019,0.2682113829822286
906,5.279210630682175,2.9841057371376456,0.23025497674481146,0.09086865768026409
907,6.765717534781442,16.390639164623003,0.30163279556481887,0.8341731199210466
908,5.728409063793483,5.372228032224733,0.277018604097401,0.19635466269988447
909,4.759827354200447,6.286447830022149,0.23240068248282006,0.26026411107652636
910,5.805333462592802,6.463925136399625,0.26327383055132414,0.2656368448943656
911,5.578620637434111,4.678028294399328,0.37205287552444705,0.16134044587924193
912,5.895417528693596,2.6705201174388438,0.20926752707699497,0.08666444989775245
913,4.507799204372895,3.5182073104190654,0.1584498821968706,0.12496441536930247
914,4.814727326589796,7.41834812675661,0.2507812064739685,0.29780396655503627
915,4.926661984096468,1.6009460034713163,0.18913276784223473,0.05126511398877622
916,5.865108778290829,1.2068955315971603,0.256592581662439,0.04690723029838412
917,5.73150282894692,13.587785081126043,0.21502387699474126,0.6789206859063361
918,6.271730548657074,7.417118051123929,0.3224572292885674,0.2977577167737017
919,4.887572671761016,12.532109605800294,0.22490090717720582,0.6283206017446367
920,7.351026442997568,2.4375834895283583,0.3108716083988112,0.08394813340841456
921,4.843772958184964,5.214404268423418,0.20144292075040507,0.19217325283592016
922,4.928131835630132,5.7191626654612895,0.22930370336898045,0.20492122218106554
923,6.143087628895221,13.402020884056718,0.24699604195573469,0.67006304551613
924,4.998384084568957,12.751487791128223,0.2261310783140032,0.6388801692785336
925,6.240218881259344,1.7121528385672717,0.36691554189224157,0.05295535006690134
926,5.864038642612658,17.272223110726287,0.20944440114965177,0.9259451644240707
927,6.345011092764364,2.535670682963785,0.31670984166083954,0.08459503879090008
928,7.32754340570608,5.81703735890958,0.39976985515718294,0.21589060775000976
929,5.901431652517412,19.81275353746377,0.2953300987393879,1.114720400312367
930,4.452102810374277,2.8559127017858867,0.1496705429770864,0.08915211636722398
931,6.387283968988169,6.473624175443729,0.3908152824719329,0.2659977927726996
932,6.654113061854658,19.106713303544993,0.2744150230792211,1.0761216885761964
933,4.0883190803780165,6.1945810643699675,0.1316355885309959,0.25684980972257476
934,6.95015772807488,6.8724257491968554,0.3444476600381295,0.27786399150649127
935,5.988922651541903,10.012111512995936,0.24007660417419577,0.48425428379493546
936,5.789343970530651,10.005575707935353,0.35087838072415667,0.48395477014953264
937,5.026558199365243,15.956888760565645,0.20814948169250994,0.8130344654277311
938,5.879560799274908,6.614255163174657,0.21161291959587014,0.2712440561589233
939,4.47937055410614,1.663538800403258,0.27778549025191346,0.05222804200777905
940,4.881322229919481,0.5928629848201598,0.19639213136399494,0.037144637389450175
941,5.533635076862917,0.6922804132072926,0.1741127710303886,0.038743576158129935
942,6.031866450714502,16.83383050787915,0.3101717294458366,0.8671849310158963
943,5.638991128683096,10.991129011361405,0.20107154879015482,0.5534664100260333
944,5.866991391483078,5.524225664183508,0.2794757962712283,0.2000199833779851
945,5.250167999411243,13.616655025316874,0.20917799271137105,0.6802949781031401
946,4.790084416070671,12.491050637695372,0.2792261422203871,0.626341875817862
947,4.55036107421407,2.377078965591534,0.19494740399626123,0.08292647058390665
948,3.163935333278521,10.594201592824838,0.2030710298907227,0.5101687432388086
949,6.781408898407082,1.282624387525709,0.21084451366249948,0.04818122959777835
950,5.583252984315725,18.596551470119977,0.28354545718959995,1.047873067647811
951,4.909912320582939,2.0496372719671663,0.2133236865381833,0.07716125930097112
952,5.437917656202376,1.8262435153797678,0.23291826329118595,0.054489352794924444
953,6.133329331641929,1.2060934340349152,0.2596114889044327,0.046889919886641235
954,5.112710390315073,4.867642501903014,0.2640002266392538,0.1655403217901233
955,4.870675901366995,13.672470321782257,0.19708505481330524,0.6829500855297729
956,5.982128935097058,4.850922493777392,0.20982128622546178,0.16517678019865392
957,8.929596716353856,0.5131776128742591,0.49169577890538246,0.03508694292509046
958,5.2908682410005765,0.5649794714681603,0.23522845660962383,0.03644478200112028
959,5.431940208499785,4.303483484208369,0.18621764575510183,0.1404695500431083
960,5.342617396141879,13.219449457893301,0.24742241372787596,0.6613351388742309
961,5.892238144238712,5.340509680595195,0.09838310301385894,0.19552279070719378
962,5.649508089304286,8.917423535357287,0.1632928770746854,0.37732328078185035
963,6.765799014437384,11.394704256223129,0.2777242129960503,0.5732288629802362
964,7.023354581537997,1.02370914998724,0.3050313661804991,0.042934944656957824
965,5.510738475293519,3.0681839296278874,0.29397987160365735,0.09195176386264997
966,5.69926571803109,0.3279539894620974,0.3082383921156757,0.030537391930418958
967,6.367048719382427,2.967592668575138,0.2519725500822728,0.09065207644965353
968,5.87763958650321,12.091408813279264,0.21841572007876386,0.6070422728974275
969,5.223276866506664,9.9940455339611,0.09948047776086857,0.48342609261188224
970,4.74408563117032,2.1896598001683434,0.267331567009181,0.07959546432644712
971,5.6512607179742,8.082045142122062,0.19426130296250096,0.3460019205876427
972,4.7008285682349475,8.074226947569054,0.19360505024501612,0.34567863555895256
973,5.162646398394426,3.9346342786413286,0.2325439854547956,0.1330184516014523
974,4.34683882032303,0.822491617467027,0.15480102181536642,0.04072146908029234
975,6.75530700938591,14.813829485105405,0.33613950309164725,0.7520792014216954
976,6.552873972951931,5.159883818444341,0.31508333707338193,0.1907042069214829
977,6.471064342551299,1.1921537435507894,0.230757926524121,0.04658842958189564
978,5.8758988552465,7.227141864934567,0.32795501250781584,0.2906169526528617
979,4.649139909910201,9.521586652710358,0.17234155102318138,0.44408443181995316
980,3.943370225281526,0.8500235250750438,0.16947235279162887,0.04132555697794502
981,5.371603896974096,3.0283866164214555,0.2514057178958197,0.09144292679649837
982,5.0301359630293,16.05071719832312,0.1674207306938389,0.8176288959584729
983,7.951087116963787,5.409719458715172,0.39305069869025927,0.19733248161955386
984,4.804710643627626,9.92545652088649,0.27227690855528563,0.4802734110290833
985,5.547150657053032,1.096273821487204,0.2878669452123929,0.04449871108267807
986,5.432379936331912,1.749089454651068,0.3520559864792194,0.05349629107155772
987,6.244144132886088,16.889603561927217,0.29991279946982935,0.8699398951695946
988,6.320618592874824,0.6962556271799102,0.29183418694548585,0.0388335241310303
989,7.421404409025061,13.381631216467785,0.368991004561536,0.6690893552907881
990,5.162267114662855,0.6012602239362638,0.3153466045422119,0.03735308323368969
991,6.361181548816111,5.542647380890988,0.2714776480070327,0.20048957048373356
992,4.976600144418277,0.3652537591237912,0.27500290225821006,0.03220822998491604
993,5.4459287275172406,13.713347583574077,0.21444785477251904,0.6848929949472614
994,5.7745472203375865,4.5547406092214695,0.3242178833105859,0.15852342001871061
995,6.278250086112362,4.593548803235094,0.3881068838009497,0.15941707740531832
996,4.9011568547826005,2.6749335688820177,0.15870054905396605,0.08673001335672026
997,4.54576922984677,7.732398605369965,0.19825818456395236,0.3263524745417618
998,5.2875681976591045,7.084359532819799,0.24122791731984997,0.2852606393629031
999,5.921624481126776,5.671823299615534,0.36941114132954644,0.20374451690368653
1000,7.06455550400278,3.5348717544401813,0.3133785520883699,0.12509403059727095
1001,4.975651885251804,1.2318999794209533,0.2707402035732538,0.04744471755707205
1002,4.493706079953933,5.27549588861257,0.1720308320872438,0.19380436908652024
1003,4.971727213996718,15.458167338302696,0.30609695771877493,0.7838079538288952
1004,4.541224312064834,1.942051989435959,0.1852676523636294,0.07492749020960321
1005,6.150017657234747,3.5120294383935167,0.29108954385230607,0.12482600571422645
1006,3.5054785335380223,0.5800435646023849,0.26184888116896876,0.03682437965713047
1007,6.8272788114774325,0.7129094849687027,0.3794460081077089,0.03921082791099156
1008,6.09479207565727,1.2840999689804529,0.2802649577414357,0.04821142267916506
1009,6.474869259712061,6.211380753907171,0.23782612263850478,0.25747363419759856
1010,5.078410701888649,1.7786847554032295,0.26362038770785257,0.0539220691494512
1011,6.1858112097490014,16.06010201753098,0.3734859802696913,0.8180877859710644
1012,6.649538176940419,2.9419798932122965,0.2971777668877038,0.09031375092728272
1013,6.270055979659279,6.097420045499027,0.2246845290533225,0.2259595519912323
1014,6.349404760349038,5.029090875785369,0.34108157381280707,0.16898039842431734
1015,8.061915342123111,4.009542873904593,0.3343538170328849,0.13454608372356872
1016,4.18570880898139,2.775117246479669,0.1886576280091022,0.08818370931089309
1017,6.98947206724118,3.351087755941643,0.2952200858101458,0.0941544897508925
1018,5.031140982637866,20.34006307510726,0.27515061151762615,1.1603554656288666
1019,5.457850774663936,0.746230817128304,0.3078433722242534,0.03976900366618652
1020,5.952365679215169,17.09804469072513,0.27107561480331305,0.9170608636180863
1021,6.412872448090792,1.6758982683488377,0.26636405278363334,0.052414764310379294
1022,7.041002836202931,10.274026555867739,0.3191044263144577,0.49616490826364307
1023,5.266577651610783,1.5575019217752448,0.24709477922745357,0.05064767520105147
1024,5.877152048555659,2.700857211536458,0.2457621601003466,0.08711246373264091
1025,5.270736107318207,8.073900571931713,0.28294271341570193,0.3456651361307598
1026,4.86041508653301,14.734036428172347,0.30522246727403357,0.748119851160071
1027,5.1714733585492345,3.225484311191703,0.26621687650877673,0.09289432057589872
1028,5.736039738896777,5.816589170727699,0.23023603575817175,0.21587787671851677
1029,4.54001418633066,2.2854733802212217,0.24312982671933744,0.0813190652260827
1030,5.486265220393769,1.44261371241739,0.19927464767866096,0.0489838077349677
1031,6.450626888550357,15.526761110888236,0.3869895179182899,0.7871568990921077
1032,4.804768056254663,15.458254583803752,0.266151136386689,0.7838122172871264
1033,4.563492659484626,17.861828637136394,0.15151817924999866,0.955810854198805
1034,6.235541192882021,18.05275418765012,0.2549641078032964,0.965420867440659
1035,7.868128395524907,13.737947843416842,0.3976713555323681,0.686061581315073
1036,5.656300773514547,4.952141726576981,0.25629010564126,0.1673567990986183
1037,5.904158669956365,2.0051916584121865,0.2916861672013672,0.0762530480886177
1038,4.600348320267481,2.7020985527867865,0.2545607416953844,0.08713066444568296
1039,7.127244907069656,1.9029206011118238,0.2615138982784657,0.07408499405188484
1040,5.287293739209224,2.059446082979618,0.29476355664151305,0.0773589487479582
1041,6.411496014979409,9.404771499832545,0.35140802246393316,0.39520110746429443
1042,5.476388769521384,15.496751495841341,0.24558692771341073,0.7856924987777839
1043,7.102139900974236,5.11693517935956,0.2991980695900614,0.18953812395190708
1044,5.353373578467715,8.09046153268337,0.1703818606435519,0.34634975034597604
1045,6.490378939793148,1.794824453889569,0.30361392113811186,0.054051544074652964
1046,5.721493251288695,13.41795498708236,0.19361993589049262,0.6708237718712354
1047,4.5065396057350435,4.494638901169427,0.21708000789521176,0.1571274579832959
1048,4.764069432654813,6.98231166142687,0.15514261869708015,0.28144242326086155
1049,7.672645945947191,12.279293374101822,0.4085641979642594,0.616124823523028
1050,5.089329203465964,2.050382573699657,0.23558185570067533,0.07717631503090266
1051,6.39724719337148,1.2268529714194405,0.182133593237045,0.04733656968503107
1052,4.5797074862984415,4.8958582122851775,0.17864341184799765,0.16615074825063755
1053,6.5474359954917,10.823636900282448,0.34581107071720363,0.53793746754834
1054,7.376815625460862,12.086606996187031,0.42864519628286263,0.6068099246657156
1055,6.609798887213805,0.5535882674757114,0.25578564467480575,0.036153780557455634
1056,4.17260353551041,10.129006857535046,0.18409036229790002,0.4895917361034105
1057,5.626800594148456,1.8014892789713937,0.3260147837062705,0.054145043857819104
1058,4.904587674264442,0.8307462773057117,0.2077045930143033,0.04090042247890606
1059,5.855465462992382,1.9284034592055859,0.2333702122368925,0.07463546435649106
1060,4.8398958211628225,0.8859227646698618,0.1974333878840417,0.042153354972733856
1061,4.660415523118427,2.545499797959438,0.2570208747670604,0.08475025609392775
1062,4.654769550790204,3.8516128441992734,0.2811008089311036,0.13123995815640002
1063,5.68922270016908,14.657934734304312,0.34282026322025744,0.7443383896609888
1064,6.497113359145325,12.659959517964744,0.2906276086232137,0.6344771721154169
1065,5.27297863572939,9.058340924393235,0.16671584271784123,0.38261794280941364
1066,5.4702643520015375,0.7798012762192118,0.2696161225523057,0.040241838240678014
1067,6.826263830850588,3.396654255709785,0.26549453116275074,0.09468359815774502
1068,5.534259473447181,2.1632466636400216,0.2605108000873561,0.07909275003494888
1069,4.586530178626867,18.024581359733325,0.3057430753761435,0.9640045291992062
1070,5.601082496145323,14.288823270674097,0.21333669244045492,0.7259328482767604
1071,5.783601396779546,14.248625391127948,0.17444451586996088,0.7239227244713646
1072,5.5044196821260885,11.445601726652214,0.31160754202841134,0.5757121919683842
1073,6.815583269598938,8.986785605646064,0.3035560248259878,0.37994212190197607
1074,7.067632044361325,8.033873459326145,0.3811080332419886,0.34400736459414005
1075,5.634344133648632,4.42541790839413,0.26548823045763464,0.1429222409636031
1076,5.134571939302676,5.3223090627300165,0.27207570363782135,0.19504352536034544
1077,5.303413673094622,3.794533521317305,0.2707004229752424,0.1300087046308496
1078,5.692838687226865,4.131099824221661,0.295751355592846,0.13701125321808752
1079,5.136454113660974,1.130464758555358,0.2555637076809917,0.04524496346229466
1080,5.831063111504288,1.6231795319803202,0.29457165750211883,0.05160987411931396
1081,5.459043192667553,1.5775665706411606,0.2138448768627347,0.05090033683801969
1082,4.39240464316429,2.237710637855843,0.2052469781608598,0.08045067367946598
1083,5.917774195977946,3.6043645051339324,0.21205481425163333,0.1264301567038906
1084,5.514909181319821,3.3003522761662207,0.2375698983039989,0.09379095998465717
1085,6.267509857725799,14.364647645059412,0.21213459454331454,0.7297217148133367
1086,8.461377684180986,1.1411220814560326,0.31363462472759907,0.04547769483318108
1087,5.805807474573606,3.1491944043420195,0.2528818700092387,0.09244240699022152
1088,5.85687104702845,1.6599935965374106,0.31132247385550565,0.05217425299722777
1089,5.5867965936624,17.329521578086922,0.24059688132995785,0.9288612341370787
1090,4.604989856214203,4.1302002883930795,0.199012127376516,0.1369925352216439
1091,5.602976021977066,5.598403521941886,0.27529453660765874,0.20190255264677906
1092,6.843776454807964,16.74941121555306,0.27301440908773356,0.851465402875892
1093,6.9146466901904144,7.533970331189638,0.3719207214664925,0.30214980666279306
1094,5.948009624716712,4.218905743044151,0.3087199202491158,0.1387419820018154
1095,6.753081335294284,2.419092852013326,0.343120772836812,0.08363908027275263
1096,5.588793627610275,9.659946558288063,0.22856759270991936,0.4478520628660235
1097,6.54452232983214,2.8729918313015186,0.32348048580312566,0.08938577478796134
1098,9.79910204613576,9.173374183656279,0.44194909165326857,0.38686422825834804
1099,5.81325171813454,1.288200416343276,0.33537701822257165,0.048295235434319156
1100,6.751389888217352,0.43680154216257977,0.3399732912651192,0.03345854211018545
1101,5.478248998920445,2.0416123991396895,0.24277669348235045,0.07699878773197508
1102,6.507117159523301,8.216829860163294,0.4032738815106908,0.35154684950032283
1103,5.104674689630087,19.84268989014076,0.19736564676584925,1.1163604909782476
1104,5.420923947302723,1.4206251874118758,0.367965247109013,0.04860508191733966
1105,5.862678377132762,10.705173490722952,0.2148907578792108,0.5150884411217282
1106,6.853741307432531,5.684594041786228,0.2830507191317381,0.20406279064789817
1107,5.768176284843344,3.672639694067913,0.32972234495924074,0.12793254028032439
1108,4.639063909267982,14.322638664685229,0.18870884744813868,0.7276230288668578
1109,6.728851756161769,4.776523856135854,0.3717162304128037,0.1635429686334057
1110,7.310191038670719,4.8405942354908715,0.306826261012958,0.16495154237289242
1111,4.393244097015527,0.48517447116465473,0.26734878755013,0.0349844255174579
1112,4.747604608061564,6.084874301563873,0.16643733243466294,0.22559539925531197
1113,5.95370719429427,9.707022327062411,0.3163840210944076,0.44991560776737355
1114,5.0399869209293655,5.3418886210277154,0.21715076661717106,0.1955590443252053
1115,5.839089547193238,10.511222413903322,0.2148626503616971,0.5064739268461935
1116,7.279614099253487,5.432146888978973,0.27909665491751245,0.19791460089069177
1117,4.361037064904294,7.819746471484006,0.213787557859528,0.32990084771950734
1118,5.719211660283144,1.8392936482669646,0.2688345303162767,0.0726807214235207
1119,6.418610485210537,1.0983163432984135,0.3243280818128109,0.04454322199245349
1120,7.16986019924916,5.023447570851394,0.38043764582668355,0.16886232458576247
1121,5.565916495708325,8.543124052983988,0.1974241037992684,0.36470365487516565
1122,5.616078558063702,4.756513522279643,0.21331778448824432,0.16309909676035336
1123,5.034212159788979,1.1892669078317466,0.18194669459165616,0.046525849837753055
1124,3.3469999606459853,10.520287778869296,0.1807611896083456,0.5068782683972607
1125,4.187376200096032,1.1836803570624386,0.13948971429374232,0.046404638992947736
1126,6.708067807769891,2.9310397724155757,0.23865022847769177,0.09016828245823055
1127,5.045266005495786,12.179105733801524,0.2286703626044058,0.6112837324358785
1128,4.575934750329092,1.4171615703126834,0.1605127647927901,0.04854506935549728
1129,3.7564467181854773,1.9686421581470708,0.10793119620143014,0.07549080684651777
1130,5.1185246868429655,16.44682344219619,0.20932761057604518,0.8368925027572526
1131,6.400549146215481,4.008419694786476,0.2983391225154294,0.1345223287458088
1132,5.097596495640203,1.7276031420718507,0.1141405787271681,0.05318283218646307
1133,3.969905780159262,0.3364149909110817,0.16059987674041976,0.03088775098840865
1134,4.747768278844043,4.148043035518435,0.14965825012106695,0.1373634230264845
1135,3.8669023810591443,12.409975329924762,0.18137062556157316,0.6224324653643706
1136,5.525609348838116,1.6877224449545727,0.30848346671691423,0.052592239246491805
1137,4.703743660077268,5.74956323189685,0.19111376430387877,0.2056724685162051
1138,6.394054246243423,0.5442019012454403,0.2611101821655277,0.03591107219017893
1139,4.649277232699357,0.3238488916200207,0.17609220315384444,0.030384701951177994
1140,6.310046720611745,4.8597632075397685,0.24232407107890086,0.16536917080057584
1141,6.114472239692999,0.846916825808071,0.33006439550485306,0.041255783614758755
1142,5.518305901519439,17.97296834414672,0.22749618908778577,0.961408263335164
1143,4.168048771015594,6.529990233189333,0.18842495344705776,0.26809764681728615
1144,4.449163463476943,3.9461611828532264,0.18033566729010736,0.1332641900132905
1145,6.807430912709516,3.2479975939167134,0.18764063223874347,0.093166279518417
1146,5.6474530375399,0.7860415529949246,0.31954397420660613,0.040379537104493865
1147,4.552801499071438,8.257847245337157,0.20321922134274406,0.3532227353332507
1148,5.682983990760426,17.12456747484078,0.283139032689193,0.9184156869830188
1149,6.091124765378255,4.897042702809785,0.3550006771719242,0.16617628928060038
1150,7.121219880914574,5.049294598164534,0.359075105696266,0.16940181916768277
1151,4.221666672386336,1.2864049698476188,0.26192881413573055,0.04825855331166186
1152,5.069084801404384,1.2923446985404126,0.2642760128186113,0.04837980391218026
1153,4.636952192479412,0.42247435968215946,0.19146293960998917,0.03298787850840537
1154,5.817271480869839,7.989158446432464,0.31218168468452173,0.34215053622958796
1155,5.91467620107507,9.886502749935548,0.33206755220858664,0.4784768468357777
1156,7.071910812663386,5.738591439146568,0.25844217480595044,0.2054017315692853
1157,4.089163167525232,0.732655303996128,0.2707075968814951,0.039467250302167634
1158,4.709493249509743,0.7475998340177644,0.17773017498449165,0.0397995261449891
1159,5.43041875015589,2.211767819877919,0.24727320912806114,0.08001101948639794
1160,4.947928035857093,7.18607346070753,0.1289435366743769,0.2890749601550758
1161,5.7900083996491185,10.640261450233396,0.23495477861735806,0.5122136509517791
1162,6.479049717176454,6.598515383726688,0.3165068799958656,0.2706556729646817
1163,5.572529155278496,0.7224039864148383,0.31600729799914745,0.03924027485509618
1164,4.940474721555145,2.939247892399249,0.17584997678171896,0.09027748222612378
1165,5.231130458098314,0.8563563281364491,0.24170399902503734,0.04146855517325347
1166,5.978667763406611,2.6426873548063248,0.2167742572597023,0.08624790045602442
1167,7.730771511588573,13.55322604914618,0.27643455244391524,0.6772747378058491
1168,6.584918328210486,11.139972010830629,0.2693140816959381,0.5607707193352113
1169,5.154669584336937,6.246424122570008,0.28686361617667183,0.25877567016357655
1170,5.184474255213591,1.448802776338792,0.18728009418902666,0.049089704016025
1171,7.064281844795414,0.8156219691177456,0.3730346967711462,0.04057329054071182
1172,7.0086534859156595,11.778821976870105,0.32299702837179184,0.591891900060215
1173,4.414656415345447,4.085529120999147,0.17373033708740218,0.1360603953270106
1174,7.106990751061447,0.7021131282828915,0.3169383476055947,0.038966117813289264
1175,5.648106169589297,12.779165421421046,0.15966141595407266,0.6402108559257346
1176,5.856212836857604,4.6871065393448434,0.3309755666820142,0.16154528398441595
1177,8.402806760384404,15.311364070429002,0.3574703569657179,0.7766208449548685
1178,6.435782910226659,0.48292436463741256,0.19923844419136058,0.03491608381519972
1179,5.190728809651593,1.5762561618398387,0.2098603588228853,0.05087976453133116
1180,5.17932532538446,2.1744015249933124,0.18169333253338044,0.0793058907276803
1181,5.987073107671499,0.868375010373617,0.3077976271141443,0.041744836103629133
1182,5.027613895370547,1.1969003045745454,0.3181461780945845,0.04669122538885431
1183,4.705419330671983,4.790037704675945,0.18018130129767204,0.16384167902332822
1184,4.636639267472627,2.0418315506335554,0.13372725942617605,0.07700323348584473
1185,5.062144396591024,3.5997880004909955,0.25162925396134794,0.12632910871870834
1186,4.64772018585733,0.8767376073809553,0.21734737716246297,0.04193875033910682
1187,6.297821821081167,17.1825566978426,0.21253486436893723,0.9213753628137052
1188,5.989326496004477,4.2886672117897024,0.2839944909806675,0.14016841535654764
1189,6.032501976796014,2.1542595646232994,0.1884710666228011,0.07892013899660448
1190,6.536057678594417,4.14453671527274,0.3871905820681908,0.13729060461050505
1191,3.8209675223025075,7.302792565131474,0.14317138519680803,0.2934594506707601
1192,5.317767877872432,3.257678595889758,0.17590513195776958,0.09328265001381572
1193,5.094646459471785,4.583136716848556,0.28310355102261253,0.15917792224077712
1194,4.574724055373232,4.160371569911117,0.10957369940335993,0.1376192019792558
1195,5.6350037554941785,6.954594727620054,0.22696001388895962,0.2804071171086977
1196,5.629332070508166,1.8378543995083803,0.26664678080164333,0.0726484599330505
1197,6.383772492361609,9.431033944386453,0.27778932812099366,0.4400460728620903
1198,4.681043223858146,3.2390435526850445,0.1603167900130816,0.09305834141311486
1199,6.318369758769325,11.919419347926786,0.349535057141705,0.5987128143995165
1200,6.1984639529714975,2.383958229235166,0.3170644924307208,0.0830441883775651
1201,5.747438076196994,1.2829883012486016,0.13899528353582416,0.04818867750618509
1202,4.143458969263578,1.792469257485442,0.18233017889236205,0.05401842187466509
1203,6.301532169859057,0.7066865087294979,0.2860169436875362,0.03906971598530559
1204,5.738192787177266,6.750702345685406,0.24091611901797133,0.2733283043697044
1205,6.992710590096906,1.6070863175584729,0.3461158778629348,0.05136020871449976
1206,5.13637587794126,2.7739886312324127,0.2293325231000429,0.08816768953682902
1207,5.209433180628715,1.9130284823000407,0.23091304104688956,0.07430415654602093
1208,4.050513697613773,1.7060686290359972,0.12277633476517344,0.052865369349238744
1209,7.412246882432586,14.57446633972443,0.29828300277657055,0.7401852720093277
1210,5.515519721841739,17.98491366758748,0.2675111261054746,0.9620093190432174
1211,6.261864196822228,9.234772488561388,0.3727895586419668,0.3891027289760826
1212,6.175566685202575,14.398919167909291,0.2242353125239489,0.7314329785117678
1213,4.928288631915431,1.5169057536899202,0.2002155398033126,0.050166428197049834
1214,4.651084756865207,0.35027668940847,0.2522076077528724,0.03149680282841481
1215,4.245831418603115,2.176752733925729,0.1725171444833685,0.07935066053637378
1216,5.749562190035241,1.2163410409360953,0.32534352440066633,0.047110761004734346
1217,4.124840798660261,1.1145316632228042,0.09937204292264173,0.044896992104250716
1218,5.533832017156894,18.907257722441965,0.1714233538321828,1.0650934447132805
1219,8.584258275037676,1.2087475923635966,0.41516583043247185,0.04694718446239967
1220,5.561738484831168,2.3842547611009395,0.2432499323441929,0.08304925342468968
1221,6.576199370483612,0.474562381501674,0.3161900156347673,0.0346598670356877
1222,6.153297231943701,7.798554137324641,0.2590023966846388,0.3290412108435787
1223,6.0301662465306665,3.8885643436226003,0.3131736475197322,0.13203337623240152
1224,5.138840525534984,1.0033946361167059,0.17758511970451496,0.04250675456457945
1225,6.0487445637490795,1.7587166964714398,0.24789684142345197,0.0536355519041917
1226,5.8689287480192736,0.5704013321715631,0.16814727273575955,0.03658204660853254
1227,6.83655730900898,17.919509909130884,0.34759824009577295,0.9587170711196303
1228,5.710562993744475,1.9865464860169406,0.2794084724419991,0.07586594390894576
1229,4.507158222618345,0.5989878717371933,0.27621843772734384,0.0372967877890015
1230,7.418084144979553,12.535734279144258,0.26955293189558854,0.6284952470596802
1231,6.255905472432173,4.734578194444583,0.2314959884193371,0.16261039933093369
1232,6.9085203020858215,5.122475391702555,0.3269254722819827,0.18968897969980814
1233,6.053049746977658,2.631259017317755,0.34031226068167614,0.0860753004187084
1234,4.570399747229847,6.9392301066219275,0.22479577955994395,0.2798335509906023
1235,5.187326130596492,1.969638698062469,0.23723153438670447,0.0755117747300876
1236,5.855015774813735,5.493705328011411,0.19289536663144322,0.1995016674925562
1237,5.521716173231213,1.6492990704564365,0.17929724141764203,0.05201138620388295
1238,6.395415297298476,3.0292935265178698,0.2833954950107039,0.09145459180752072
1239,4.885007292896119,1.6013756491060247,0.21369177111862378,0.05127177748767695
1240,4.963314795767992,14.592291220914177,0.2631020454765479,0.7410726566763917
1241,4.8885757370310285,3.878455060899792,0.16692144801652936,0.13181660086733887
1242,7.736155705164828,5.616703872742296,0.23407660527750068,0.20236363726717702
1243,6.880202226362738,5.695008495364984,0.29909485868890523,0.204321882750275
1244,6.4606277178027005,12.90106812673427,0.27927590295413046,0.6460693020592523
1245,5.994831106762214,4.078686916276082,0.2544923948153838,0.13591717771021808
1246,6.655157532894534,16.403512822791207,0.3133060449250938,0.8347965976301797
1247,7.681268287024072,10.409634237995675,0.3422738774595122,0.5022667019617328
1248,4.96650695799226,13.201662597798418,0.2013382859331112,0.6604837480202507
1249,7.505463244334107,5.390338896294835,0.39060812358942093,0.1968277514618269
1250,4.505003804972211,1.939100004237505,0.19108657657630848,0.07486449482206864
1251,5.2263426720398645,1.1647437080903025,0.25169458784929727,0.04599285693069084
1252,5.697588009059743,7.281316178880819,0.32272195145181964,0.29265227902405483
1253,4.683206848913013,0.541745713638789,0.21791714756465166,0.03584709132092902
1254,5.609277292266308,5.31370619654571,0.19517622763649514,0.19481650299688882
1255,4.401645241257843,3.0826792693399807,0.20202900968621967,0.09213546182942897
1256,7.242605639623657,1.2672780509012391,0.2415479338113875,0.04786621554371297
1257,5.725894987757015,12.645498339820536,0.29492114539864267,0.6337811655834272
1258,5.999768668221927,1.8059453006879755,0.2314729162978535,0.0542073670296562
1259,4.702911733132361,0.8515812446725426,0.28509272350731085,0.041360607637542283
1260,6.127981059931973,1.792370520131903,0.27469517646286595,0.05401703235487883
1261,7.644198735785079,3.4128929385204234,0.34938554986075293,0.0948706313086174
1262,4.806149021734984,5.020157721546082,0.211378826924682,0.16879341865095984
1263,6.25537533268193,16.063647094993122,0.261044892675451,0.8182610989391317
1264,4.898952411842451,2.3607476825780465,0.19156406601510545,0.08264536267737138
1265,6.293878849846807,10.930636078209233,0.27578894906786916,0.5430237233260667
1266,6.49807643368877,9.874496653157575,0.2770595271870831,0.4779222144212647
1267,4.301697931741709,2.0429009700028966,0.13993684479974391,0.0770249208512577
1268,4.580290331969736,6.868087808099536,0.24610786731829656,0.2777020516118351
1269,6.314942947603611,7.250226445752726,0.3145548631358606,0.29148408669551246
1270,4.119198360830505,1.277819348120015,0.2051720266127339,0.048082792616734316
1271,6.1758028194553924,15.166398761858195,0.3607468622871966,0.769498330242008
1272,6.052847208643599,0.6016561219729041,0.25316062976079096,0.03736288329299786
1273,4.82466077075071,0.5950778746175266,0.23028754040136926,0.03719973051095515
1274,6.093782153164203,4.8402220434077075,0.21292141350774643,0.16494341609482557
1275,4.847945647249353,2.0311948393502917,0.28075669341817017,0.0767868830997645
1276,5.300983673180495,4.8285332260141525,0.15220839665248495,0.16468787067859997
1277,7.580596292107877,1.926655970267019,0.3452938804160201,0.07459793362313334
1278,5.419796160696978,13.094055531603967,0.2036230593041006,0.6553291733765588
1279,5.2607400277492635,3.443934641597999,0.1707370658069606,0.09522603448169167
1280,5.618955844890143,0.8549682729913044,0.3007761055456293,0.04143697373594865
1281,5.021826668241467,1.7892291300777838,0.30174159045462673,0.053972784753675715
1282,5.734076365937045,1.128807438607791,0.2012132515582393,0.04520876509298416
1283,5.381478354469848,19.179615979549038,0.18633971880247083,1.0799100098070844
1284,5.2860851578170065,9.366218217939181,0.18961637005495807,0.39383068390466447
1285,4.823115793921768,1.6005123910441794,0.23627983597074895,0.051258387503113026
1286,5.333574621062532,1.4294230023679675,0.24940225400166505,0.04875708189900438
1287,5.588128229982002,8.01095085712481,0.34104038757112454,0.34305610849263635
1288,5.455806944721684,9.893785207250186,0.2513001336372637,0.4788130571653664
1289,4.551086654512911,4.026523450546171,0.2527160434663616,0.13490485725326168
1290,4.563820901757126,14.645713695593097,0.15464291710099612,0.74373066921656
1291,6.459920955474187,3.1521778804093716,0.2715940407190899,0.0924793208095692
1292,6.099871121250923,5.582377204341327,0.3508711258249297,0.2014976785964678
1293,4.223178604802475,0.5964728433670334,0.21122219471745426,0.037234386207126005
1294,7.602240508742386,4.634155263340737,0.2753822627224853,0.16034540888068918
1295,6.3069757789910135,1.5476833343755878,0.23914515896510694,0.0504908700254373
1296,3.9521965263240046,0.8861881853605122,0.1505511260091328,0.04215958162605343
1297,6.198457598656436,2.3964546022115303,0.27146413550201703,0.08325698216331312
1298,5.168583947642704,5.576430510781404,0.1893573339307326,0.20134718780513897
1299,6.8582168539164945,11.67868437203608,0.3978537571699733,0.5870268758981687
1300,5.410083789198356,2.1800764075337757,0.2864773459033366,0.0794138549529679
1301,4.351924329584626,4.266970837461811,0.19147618918281156,0.13972628073756074
1302,6.4052281963917,7.098998751943115,0.3432051720748847,0.285809138649167
1303,6.545654879843627,0.35632357736836673,0.3445320441848717,0.03177676118277687
1304,4.703913532011684,5.020805478716662,0.23662874508954648,0.1688069901844995
1305,5.662524691195457,5.700951813337178,0.2227584022577134,0.2044695578742222
1306,5.437812469440342,0.883615805146821,0.26923648962220886,0.04209929458434243
1307,6.127448112447911,3.3471293192990985,0.21746432230174925,0.09410821678267105
1308,5.972008154315508,3.272263351996647,0.2697862784230972,0.0934573272056201
1309,4.5259276248812315,8.899194575223863,0.15898390968634324,0.3766309737432487
1310,5.307660115402701,2.043128906298645,0.20295224038542306,0.0770295417772334
1311,7.354120026241056,2.407638312773867,0.4316620196185202,0.08344628958673445
1312,7.685179415329138,0.5901766050440082,0.46434374645529536,0.037077700197074626
1313,5.795032081493477,1.6421166445596576,0.32788708015473944,0.0519015059613198
1314,4.320583863230417,6.802625966251605,0.217602214782239,0.2752609417318713
1315,5.559344753838401,2.0446423386499615,0.20599126778920293,0.07706020983469838
1316,6.594191637475295,5.53490502294146,0.35487121776908986,0.2002923775073545
1317,6.092312097886796,2.3929202331679673,0.3030885284398118,0.08319693342275063
1318,5.443109043980093,5.446949634336899,0.2971543293609473,0.19829766854808742
1319,5.738753696365085,6.7455302285055,0.30707564894464473,0.273135974450046
1320,5.960107221160672,2.8368964188964836,0.24896226874770855,0.08889019798825455
1321,7.298087082260116,13.048886591351259,0.3123969762593086,0.6531636116579066
1322,5.956538007934015,0.33848979588566175,0.24688947095240646,0.030976095117952504
1323,6.983025989563552,1.0177128236846378,0.38081460510394155,0.042808019560327086
1324,4.0777263803301205,4.857203389994588,0.18497497832149698,0.1653135030258833
1325,6.4123022855976375,1.1216466724880956,0.3843122313296298,0.04505236398002148
1326,5.153317169111175,1.9337615711352063,0.2088443316960127,0.07475034039445899
1327,5.523868650314811,1.6026721196345894,0.22763982501460317,0.05129187606960808
1328,5.976173053667413,10.698604888851506,0.2827044519602829,0.5147979069711969
1329,5.570367595679774,1.691723743623591,0.229206369127285,0.05265204044645034
1330,6.5355977540611585,3.455339903507801,0.41665413641301746,0.09535373404880498
1331,6.301226573629266,12.374036309905826,0.26913018729535343,0.6206985630299195
1332,5.951527896325319,3.7199697275201413,0.20521422198304667,0.128390183462826
1333,6.556793427196243,12.83876816489936,0.25134222807853596,0.6430760827207992
1334,7.01601525833114,5.885667788610438,0.3440112434562334,0.2178357810729337
1335,7.577582785105528,10.487665305231829,0.31949838239971656,0.5054224104306375
1336,5.860694770755729,2.6877937343145377,0.2020209341417499,0.08692030297472972
1337,4.875674024501309,4.7712453001388075,0.22344278150195304,0.16342605967094354
1338,5.582117823836821,0.4190726928623113,0.33963539612529514,0.03287536968645767
1339,5.67080857386789,7.3278712920880755,0.22727168782263754,0.2944021750907098
1340,3.9190952131918553,0.4275480991478971,0.06892176824405935,0.03315497535919411
1341,6.348135213855201,8.93772105817957,0.2517830080522299,0.37809217050871596
1342,6.659280954608978,19.796480204482464,0.2689040068924982,1.1138286203569367
1343,6.210075705997354,16.486495151997254,0.31364910461406337,0.8388100857456915
1344,4.632408402523853,6.187075199159737,0.2663725471243162,0.25657116697535187
1345,6.2296614431830974,9.925459213189816,0.26848909953181094,0.4802735350454163
1346,5.830387075445743,1.5598422588136114,0.29726216118603827,0.05068493914427076
1347,4.749513818720362,3.5394605327357085,0.17811151573026715,0.12519633568167943
1348,6.342753267705433,8.717050006756935,0.267384837248087,0.37153378493003325
1349,6.07888628625974,1.0210081998057559,0.33017309134980183,0.04287771928485731
1350,4.488034810562396,1.8861341704406214,0.2574804113643424,0.07371865418458463
1351,5.754945898642553,1.1714095514164993,0.3448475146685157,0.0461379558633149
1352,4.073668537105001,1.7027675185676991,0.15527923182989495,0.05281642398346924
1353,6.5706121040178465,0.8510560704479581,0.34303004066715587,0.04134878560759299
1354,5.118578407393904,1.4248937518873317,0.21536572915475713,0.048678908053636484
1355,6.575380970529062,6.032349035800151,0.3691265045259059,0.22430887062405283
1356,5.088155499434527,16.51270340339193,0.26637955907754124,0.8400757313337408
1357,4.771369247033076,4.720580316805727,0.21494621696399774,0.16229738957674544
1358,7.026162288271268,14.774081930404517,0.2484982370562837,0.7501076448323852
1359,5.198290322749502,2.424704055059206,0.1740205814790162,0.08373315515366574
1360,6.107624681976738,8.054738751845216,0.3349540746136481,0.3448720615237762
1361,5.602549331410988,2.2286908204634686,0.23046443249520415,0.08032616816496466
1362,6.097333946191825,4.213210003192525,0.19328346572579105,0.1386249116296046
1363,5.0835671895385,1.0872128860086852,0.175299501115925,0.044301447257229634
1364,5.8530703406584665,9.433294330675341,0.3403471720166776,0.4401472285354803
1365,6.799252937054747,1.7224755288502203,0.21614067958200797,0.05310748215794907
1366,6.28784015964376,3.6457427409872465,0.27796717682886773,0.12734181931903718
1367,5.70725706786061,17.606246549733207,0.23365446611092716,0.9429016887442458
1368,2.9084379780047924,3.6386217052885903,0.10938113352884851,0.1271851762539868
1369,5.940007181908599,14.068146422808763,0.2329558166045622,0.7148862478158179
1370,5.483151051046802,11.644877202072642,0.2679708185717705,0.5854178594149352
1371,6.153976157995557,4.081928324459766,0.29806225141217557,0.13598503972986278
1372,7.02502788899277,1.034308928721395,0.2787864890774158,0.04316035269646584
1373,5.530321948997473,1.2161456720072192,0.24312906053897546,0.04710655719898654
1374,5.803131170709814,3.001846096087759,0.2000566230697385,0.09109985039769937
1375,5.42262088046225,3.2277000257557114,0.25314840234662855,0.09292117046632059
1376,5.3341159459615985,9.45946960996398,0.240768432971074,0.4413172989347312
1377,6.775608207796016,8.824046849599858,0.36403007209244603,0.3756644786950585
1378,6.603259820662768,0.6959670516982833,0.3426720324436766,0.03882699372097853
1379,5.153154611657923,2.438849304367493,0.1945382984705744,0.08396918722495753
1380,5.738769051249846,0.5141125932452179,0.30073743657957597,0.035112319890371974
1381,6.09718242757006,1.5359312620603878,0.2715662862401755,0.050386492701940774
1382,5.522032217435785,16.428052015884926,0.18378507566077024,0.8359844202949509
1383,5.779616896155063,1.7505472587465052,0.22106964449123964,0.0535174257299304
1384,6.075433065667332,0.8424824756978929,0.3098634239984735,0.04115667655320525
1385,4.263679666866731,7.462874509749448,0.19180701466005254,0.29947798352006055
1386,4.02551805467402,0.7594700218864141,0.1387163696923102,0.04006502675899586
1387,7.272218835165526,14.323188559038318,0.29326083105991835,0.7276505079620602
1388,4.955715341411289,6.144663893382246,0.2811618446984476,0.22733003723763112
1389,4.851387194542168,7.61235443579161,0.2346365684080606,0.30509262474775717
1390,6.033265075939535,4.830457936007883,0.24817768144270602,0.1647299942865716
1391,6.104880056843807,2.387859689356704,0.3144890782319621,0.08311076838348688
1392,7.092571198033311,0.45988372487843404,0.3793713215307952,0.03420140256649146
1393,6.6265698844365755,1.8663318511954703,0.28120733704928885,0.07328269447044679
1394,6.567600543653598,0.5883350529987702,0.11970933510119183,0.03703173711158334
1395,3.746427373245193,9.525858140675437,0.16001324937602993,0.4442742215703
1396,5.924684046378241,3.0796694647302414,0.2596316448198983,0.0920973938592135
1397,5.91123979114103,7.249673846216206,0.28619749397871136,0.29146332637927624
1398,6.251216805032543,11.343957625002806,0.20040000384021087,0.5707510125849088
1399,6.494410243626869,1.9211944855198526,0.2638261043837455,0.07448043086342716
1400,8.261832862598478,12.650004873355952,0.3653466739112136,0.633998072019366
1401,5.625927010704863,0.8969150328064261,0.24965914199704528,0.04241241624490783
1402,5.858949390088354,4.42527448454323,0.2844883566840389,0.14291938375434357
1403,5.606300698207803,9.734846538498685,0.16833675657785638,0.45113190638222905
1404,4.917249068242655,8.710009661311656,0.24517921890476982,0.37126002378564393
1405,5.034039202132489,6.952491855411087,0.2136786810048815,0.28032860146451943
1406,7.217284852996164,5.023034046843594,0.22240977669203282,0.1688536662751414
1407,6.656972697491951,1.4962636961329048,0.20334499421112198,0.04982654865798075
1408,7.407909503178476,1.5990085048288702,0.2896449976192992,0.051235046814042666
1409,5.273493012969189,0.3515429175051366,0.24560747716778195,0.03155469829811168
1410,5.222695702637922,3.374353757244203,0.1603962046259091,0.09442545465023434
1411,5.3968624951033854,1.7396093782994528,0.22614070625752208,0.0533584414233075
1412,4.98649268177351,1.610915108852025,0.20333096609460002,0.05141951291955457
1413,5.727946174614894,6.374275839260623,0.17070027364379128,0.26353597831250386
1414,5.82464291321167,1.1155706681318724,0.3264069652201926,0.04491967768904872
1415,3.9128388334760156,1.5892142145968864,0.14910832894681258,0.05108260391857847
1416,5.725205859459756,8.918821215167116,0.28803703441509915,0.3773762931587388
1417,6.297129779839648,2.7509756167737947,0.2266914909252438,0.08783930962610939
1418,5.8491030205322,9.440578516347689,0.3116554818608355,0.44047308390750145
1419,4.746264148344343,1.199602168769279,0.2587314583589769,0.04674967724642803
1420,6.439742426879207,2.623321982437027,0.36614250521330033,0.08595488614892324
1421,6.328122582678342,6.050584867655482,0.2537437154850336,0.22459957056445587
1422,7.984943426989901,5.317925114451822,0.3008234266141467,0.1949278758858395
1423,5.711715648897793,1.923409150495616,0.2921289434504792,0.07452811669738113
1424,5.688498005442605,19.6814810047754,0.19589057731219736,1.1075220805031265
1425,5.609963062679161,2.6862387743727285,0.19210892311111324,0.08689735380187044
1426,5.734663929774295,6.376479819952224,0.3045084659864706,0.2636181899160766
1427,6.096064301358078,1.1515451513517805,0.2817377141370984,0.045705166063534905
1428,7.779802092494306,1.1743852460457496,0.395647937147976,0.04620267972329003
1429,4.135900096186682,0.3650902568833109,0.2917656777676563,0.032199928144949715
1430,6.271756832727449,1.5946067780387805,0.32970117300577323,0.051166629191182325
1431,5.285571450277726,1.2848336260386324,0.2320422122049484,0.0482264283395068
1432,5.535813085617758,10.194785025518836,0.1857431225156078,0.49257959774423027
1433,6.643450534612018,1.1894854029539934,0.30000840907330284,0.046530587675438086
1434,5.046793240817343,2.464693511000456,0.27743060277425424,0.08439615187188818
1435,5.403380473943247,14.821367804851015,0.17499045315701986,0.7524529510834598
1436,5.353372318734953,2.627760536164037,0.2505794124347342,0.08602227935862539
1437,6.9677888124769085,1.1192668307172946,0.35784065626690115,0.045000389651176476
1438,5.315498690906797,13.144299301056904,0.24500622600102115,0.6577367453408567
1439,6.4629267315013355,1.1364275992310013,0.31656423404875883,0.04537519023664448
1440,6.081671039815832,15.720628757997169,0.29405387051144044,0.7961449554402323
1441,7.0889389409360914,15.942983172377417,0.2634019921366781,0.812352560568894
1442,4.596582082133167,1.4386366151015655,0.1720823163236091,0.04891559590555414
1443,6.4157890700081355,1.6942422831553898,0.2527903329915521,0.05268961481237548
1444,6.697377853055905,7.370984407414324,0.3562878273296304,0.29602309675437505
1445,6.506176745490271,2.2450726368717824,0.3122410717111621,0.08058591307574348
1446,4.674813964845581,1.0365764324173448,0.2545958896751727,0.04320873805112292
1447,4.9047473232255525,3.9807267208289963,0.14137865411124245,0.13393570119210763
1448,5.976792539082939,0.33726236263467124,0.2958831069373255,0.03092371550129533
1449,5.977647992149504,1.6330760958989823,0.2688335649331397,0.05176262926517138
1450,4.961078109253214,5.990854187218376,0.23788580067795376,0.2231012003341762
1451,7.387862917496453,17.824484212021307,0.2797096843196857,0.9539279152765047
1452,5.196389812743811,0.5860130322891675,0.15666438755485304,0.03697368956420118
1453,5.8389575438110315,0.7419088863310376,0.2526730574471469,0.03967276421809812
1454,5.339557319178232,3.556516141851454,0.28642699013335926,0.12553914310137465
1455,4.776187709451235,10.964186733386892,0.2075884967746083,0.544615499151525
1456,3.524756313481189,1.1655142964185856,0.12491671720180471,0.04600963819732415
1457,6.207028244568445,5.201649246618331,0.3498720313582067,0.1918306992532974
1458,5.476299138758006,2.1941657441002818,0.1807975882904531,0.0796805448411027
1459,5.221065078537568,3.6283033469186305,0.21768206648165198,0.12695801633020998
1460,7.314281414392072,1.080848821151573,0.2637321770805329,0.044163120859896834
1461,6.364162752595429,11.725362484634399,0.27387393491805684,0.5892954051154625
1462,5.420265576339312,2.9767493550861603,0.28184331729459533,0.09077233960567535
1463,5.169774039025548,0.4477876634473415,0.263041550017269,0.03381531739543815
1464,6.628350417138308,5.866504738698003,0.24253514451939626,0.21729348623581568
1465,4.3688274730843535,1.6974813356164444,0.2617633946211975,0.052737863327604766
1466,4.948519639598465,9.255492100076317,0.19280577894120252,0.3898537821848034
1467,5.338048116025328,0.3595489152712783,0.21320183186103434,0.03192967799037008
1468,5.609031536562254,2.943340668237125,0.24284337393364663,0.09033180154063926
1469,5.184216793905507,6.395471604778537,0.20129734670074487,0.26432683675989177
1470,4.2768735600706735,2.090924013290631,0.18075298399545658,0.07798876699729257
1471,5.66699094255999,2.5539587355277047,0.2832699487477304,0.0848832500020428
1472,6.661945181847362,2.6893034804778986,0.25705387462809204,0.08694256931250353
1473,5.725650936272686,7.383330453868485,0.18369728746776004,0.2964873054292258
1474,6.5614572052522036,14.973516222612291,0.24123353972279082,0.7599846882594218
1475,5.137838987302551,14.9525385421511,0.21389805734415868,0.7589476104636145
1476,4.2440501096266345,1.495558059301234,0.19304592806128526,0.04981486959963231
1477,6.631620309617948,4.75403395149147,0.25809809682922297,0.16304396538617302
1478,7.0366151411884275,3.3636009748157734,0.2584083718855611,0.0943004358816621
1479,5.614970280482777,1.5286219749135395,0.30489903989264217,0.050268154208807744
1480,7.66851661828767,7.231389230364956,0.3411960164817734,0.2907764790469457
1481,3.898153541194316,11.799813248908139,0.24722175032296081,0.5929109755623282
1482,6.802667650431897,7.631294980484448,0.25961667394051813,0.322230535964576
1483,6.769180877438086,1.6165073707817905,0.29438972955523096,0.05150645812906064
1484,5.697463290492506,12.274128888671292,0.12832881622785716,0.615875388673353
1485,6.720575476513846,8.650954884540882,0.23946081961463908,0.36895449293168187
1486,5.754485413391507,2.7011583487762683,0.29085088672221215,0.08711687998644585
1487,5.9412843444410575,5.858985798436116,0.380168552819221,0.21708053474820097
1488,6.018230289696613,8.308325507101232,0.12996795925611734,0.3552771384942735
1489,8.760541557142727,8.462209714387487,0.39039632819206477,0.36148063028112076
1490,4.391048276388952,2.619157467914124,0.15878359393748942,0.08589152635350228
1491,3.9753428885755775,0.8564946458939597,0.11896548728402292,0.041471718903490246
1492,4.5673187739460035,6.970653802996082,0.21440567390698584,0.28100687260317686
1493,6.6546317088838824,4.768810880645257,0.37438868085817806,0.16337209866926602
1494,6.286988266250289,5.260312741395194,0.30135280679806487,0.1934004679461928
1495,5.2953816988830384,11.138871488819209,0.26848156720780214,0.5607167829943039
1496,5.479793553790764,12.35244729539572,0.2131021054850673,0.6196567067020168
1497,6.406950913638593,5.75330101991188,0.2784901142194434,0.205764600286413
1498,4.963653981159912,8.807036525471785,0.26494531162340107,0.37501184063769905
1499,6.471051077773045,7.443596199568257,0.32418331670015704,0.29875323473218335
1500,5.4392553098172,4.1136705894883105,0.2478506121593356,0.13664820598561564
1501,6.326959838339689,5.380642867314617,0.18915460841601944,0.1965746451112035
1502,5.354014913300735,4.702484983681749,0.26747167101692687,0.16189143962057354
1503,5.615336520476192,4.114732119995951,0.22994244498196234,0.13667033970758688
1504,5.975594678294876,2.440648094452602,0.20493838247081567,0.08399908292375163
1505,6.0664678921266715,7.941739972366771,0.3327782094932287,0.34017620133844145
1506,4.416526917423247,0.6988562555492891,0.31460385538994495,0.03889238315143845
1507,7.600622951686434,3.4884944458257663,0.43414173973848663,0.1242979756727786
1508,5.684767575358862,4.708279025213584,0.1863235388968423,0.16202158364762406
1509,5.222249542234163,11.498974093682122,0.23904575054418892,0.578314304325891
1510,5.461596999997979,2.8732624819014854,0.14069957301212177,0.08938946598473466
1511,6.543009210219625,3.4412111208323455,0.2623789581834484,0.0951949615014484
1512,6.17980446039778,4.072918652711436,0.3022482783353174,0.13579634928041226
1513,6.063403491191541,12.92919311169549,0.22440544338991178,0.6474199588590323
1514,4.821380854548291,7.765847624961221,0.22319636053050954,0.32771287587921966
1515,4.7743031838636645,3.9713424543284392,0.3374270390491123,0.13379998281117858
1516,6.459313088572428,1.7704907880704301,0.39302322691950325,0.05380487417250791
1517,6.813190638764639,18.248294150669512,0.3164423668605926,1.0025025061330655
1518,6.725225153641883,2.581999838415747,0.27441548553418843,0.08532066822709478
1519,4.3953213679934136,2.3361749855517577,0.1904071386642823,0.082217982147372
1520,7.648855498690465,2.3645386794236427,0.3873584023081151,0.08271082403604792
1521,5.014632900410656,1.1392590696191554,0.20127117517406948,0.04543701873669513
1522,4.862463008195795,4.11107025650142,0.25218148621504705,0.13659397492302774
1523,7.260809052363842,1.116678319784535,0.46827811030102223,0.044943863593441505
1524,6.198763351540943,1.726314590286068,0.2529774396925308,0.05316391677849833
1525,5.299355846555673,9.103081019968908,0.29506564817806985,0.3842775851057865
1526,5.096947360019866,1.0646345357067297,0.253513455568006,0.043811762806220476
1527,7.130070216246381,0.549137061745225,0.29304815220846353,0.03603903016260036
1528,6.2775438676573785,13.494997519187564,0.32269319612785724,0.6744994697308193
1529,5.371107584448283,1.1481549974990637,0.3032786047906731,0.04563120174495143
1530,5.225909625947167,0.829383486468513,0.2035990339789211,0.04087080798596122
1531,5.2365120407563,5.237710560975699,0.2058012645844052,0.19279739082781497
1532,4.597962670830474,3.9877536725366007,0.19441677302036234,0.13408472279160524
1533,5.999786099270036,1.760802338990307,0.2088078387540422,0.0536656248682068
1534,5.3634295300099035,0.6748237961368996,0.25368208132185593,0.03834853434595577
1535,6.088996725270101,10.34405318349325,0.2550267971212205,0.499321002776322
1536,5.344870166059455,6.361436759866158,0.21254661434716887,0.2630571696031332
1537,5.946851298406645,1.0716166669499314,0.22513753682879098,0.043962855081363696
1538,4.344886064660905,1.883639081982921,0.22971844770140984,0.0736639498798923
1539,4.752701224778626,11.16032497264198,0.16492039726544602,0.5617680298990224
1540,8.964830201074433,13.918768723781875,0.4984400771247228,0.7073944420933722
1541,5.5361838004759525,4.558880854005163,0.18923741530786128,0.15861905375066818
1542,5.936508012337141,1.2278333946872682,0.38422229885360704,0.04735759201328757
1543,5.486081239682357,0.36590547096738874,0.21070768269721066,0.032241381118981186
1544,5.111553867863751,0.8864756387959253,0.2948837817195962,0.042166326761319775
1545,5.048100085339741,11.932360174247364,0.15617808228516997,0.5993400758179054
1546,5.275517080402172,8.700780896353569,0.23168113477234006,0.3709008100158077
1547,6.3512925420182915,1.6879052795648124,0.26634384073098893,0.05259497461377889
1548,5.475455526043166,4.003194893376976,0.22126371151066257,0.13441178662615186
1549,4.361354861391759,1.061052495287393,0.2064759507177237,0.043734385502906314
1550,5.886637887469769,0.847988746318706,0.274366552263626,0.04127983823366178
1551,3.6679457136559153,0.4332150800803293,0.16473277498711686,0.033340914076948884
1552,6.615572369831978,4.144748174107541,0.3399614213424223,0.13729499705010856
1553,6.176371338903762,8.06926975280278,0.31153573788214683,0.34547356629489223
1554,4.940129650380869,0.5934719031426894,0.1257852554830026,0.03715979206836747
1555,4.266310545963692,2.8428027880282887,0.25520151512312594,0.08897177144491727
1556,6.260153050224013,5.205895049896273,0.20035468909680978,0.19194480277173767
1557,4.372550246836931,3.0542363306471025,0.2009703521936893,0.09177413697629695
1558,4.805638192460187,0.5138676698633678,0.12102176364571722,0.03510567569264776
1559,7.489438337316005,2.3736016542100153,0.36756718228726093,0.0828668108516735
1560,6.528319914855144,5.777870436687435,0.30241983628486063,0.21477658865293645
1561,7.445796539984564,1.4450130252971065,0.3472396998655431,0.04902489711926629
1562,5.716840414191531,6.355590868628329,0.24092001681848801,0.2628392184360902
1563,7.079189657496652,3.6196815005652416,0.3858974520189667,0.1267680375931084
1564,5.330693510699384,7.101071883558984,0.20759348762636226,0.28588682840055063
1565,5.084215692317932,4.270915851451325,0.26213866359691457,0.13980677534002425
1566,6.551195243304694,0.412925676056747,0.28690345528041755,0.03267121942363463
1567,5.531555403482639,19.456071055996325,0.1766931682578767,1.0951379431489938
1568,6.300290018354266,7.013007089469093,0.2460883318343107,0.282589890869728
1569,4.8030605019025625,0.44695001446248156,0.2667438730327224,0.033788312968696374
1570,4.442970260384158,2.154177002041825,0.1757478959528707,0.07891854956016728
1571,5.736517193815014,1.4171836369401154,0.25156180829151986,0.04854545200125263
1572,4.000353453826552,4.402405486508423,0.07778298316465032,0.14246294445489097
1573,6.612754356824021,4.352325678926902,0.21771728704628018,0.14145756940362664
1574,5.8453171437248335,2.3939614071946793,0.2604892658356323,0.08321463403886686
1575,6.077413855978185,7.824490226605501,0.2832246405965516,0.33009315120498234
1576,5.138618644905529,12.165419169318412,0.14414736735553016,0.6106220267094659
1577,6.7640911526047445,1.8488139459902602,0.31248004274827246,0.07289357430466528
1578,6.074390750151841,0.7787140836251046,0.26920549036358093,0.04021789999837383
1579,5.49518962480071,20.735565610180068,0.22205432050834767,1.1825804445807209
1580,6.587335272798562,11.477169870735347,0.31434306037942367,0.5772515024772951
1581,6.364046856186436,1.881966867630696,0.2743246885186985,0.07362725035078527
1582,4.320414422636499,5.6662746888189375,0.1731750105738805,0.2036060401499864
1583,5.724142049904282,0.685216783390698,0.28236804088806877,0.03858376811274768
1584,6.816906901642844,16.607777591732177,0.2691217646179686,0.8446593177863636
1585,8.601939143702186,1.9190976499430223,0.44137000666999976,0.07443523464044857
1586,4.754555694596366,1.7910671808236116,0.1580741094944825,0.05399868357622988
1587,5.571753007064594,1.4720893586175763,0.2614372917500483,0.04942415629255764
1588,7.317300127976455,1.569801310770849,0.2738058860834093,0.050778232509142505
1589,5.657869182081627,13.599166509911072,0.22872125433746318,0.6794625515930897
1590,5.829876552327251,1.7204732555359206,0.2826413902275799,0.05307800166895909
1591,4.02193994285438,3.077773722203617,0.153082677379205,0.09207339644953974
1592,7.67648379460299,4.176720987952671,0.4259101485164013,0.1379577785620241
1593,7.0382830285795785,9.718699927256992,0.4355698987790729,0.4504263792856629
1594,6.6333354777130955,17.139338244901182,0.23052801561153105,0.9191698873487802
1595,5.649347043041453,13.752152920937844,0.2811240545669385,0.6867361310121957
1596,6.364578709018673,4.349563603648218,0.4455857166784216,0.14140189054065164
1597,5.016821998326722,7.834798074850616,0.22018612742404217,0.3305108573212117
1598,6.012090967422121,1.650398450876666,0.21798902005720172,0.05202816969030682
1599,4.526398784420976,4.759056953740275,0.26272973347686807,0.16315561850982846
1600,5.478074629995789,1.232941623184097,0.26080616456461453,0.04746701615291152
1601,5.2264137208388055,0.8670976615534894,0.268300881155154,0.041715338909191144
1602,5.620072483790086,0.682301204250047,0.38316250161553955,0.038517798067843965
1603,5.835415381105465,10.27567344810866,0.2887255003972545,0.49623926382078715
1604,5.708678478999722,1.9940570724077955,0.3015050844140106,0.07602231159106167
1605,6.518904834962481,15.18090318337837,0.2955206792822941,0.770212074913021
1606,5.277450297026906,8.004841344460118,0.30561280118718426,0.34280234862851017
1607,5.037033427142607,5.701971114693271,0.2603984151643604,0.20449487135684502
1608,6.281242482932994,2.249316544774666,0.27845353317639243,0.08066364196944194
1609,5.316553309463994,2.6863412080801132,0.24984451730027207,0.0868988660894143
1610,6.266214588535527,10.723658639082021,0.34085927935766347,0.5159056070431229
1611,4.37425515194236,4.763935882497779,0.22776362589340446,0.16326395735888202
1612,6.4365625955141175,7.3344311013261665,0.29240114395265865,0.29464878549664264
1613,5.163557414216386,4.438802477233391,0.18932856481136873,0.1431885838025014
1614,4.788566428449136,14.641458905765099,0.19917244502517764,0.7435190602268679
1615,5.917863312465367,3.5731151013964033,0.28740348390745935,0.12590781079757138
1616,6.638793736813887,9.732123326420195,0.16763302377922534,0.45101297345877567
1617,5.692088555848434,7.01583940724045,0.27307895990112674,0.2826958161189595
1618,6.042024177310591,9.17023939371651,0.2633066146605058,0.38674941788084366
1619,5.83649997661166,2.6661950526412688,0.2300263539462149,0.08660007051824914
1620,5.158606097294051,2.2230762741635703,0.2183947820286433,0.08022190337826336
1621,5.42263036834578,2.87801452763699,0.22622298149412157,0.08945420897561789
1622,4.478796521447818,0.5526652544463645,0.17766868314746131,0.03613003567088356
1623,6.572447829765711,0.6199611356607105,0.26773646503424314,0.03766058044589447
1624,4.952414174954384,12.551038320737725,0.24267673330888262,0.629232567473132
1625,6.06614123663909,8.118410806364803,0.21842207247188788,0.3475033783071974
1626,6.355838671289223,12.53920853068243,0.2887921397228885,0.6286626392126717
1627,7.735561100986784,3.654209744042477,0.3723162260237643,0.12752793465131598
1628,5.803906784637445,2.21763350765541,0.227000501630466,0.08012054146618663
1629,5.672451674674012,1.245593882194772,0.21882016905935273,0.04773726140332003
1630,4.181650361666059,0.3507268301349756,0.14870493892378958,0.031517340382527397
1631,6.224287853232705,0.3600573669203548,0.18485922240336625,0.03195401039999968
1632,4.673486302079671,11.047267750066894,0.2709729203633106,0.5562236563129441
1633,4.542234742737036,0.47397881029461486,0.20360986232084846,0.03464185265061866
1634,4.302253380990655,0.8972551746890017,0.1878101031880441,0.04242047125636429
1635,4.900548455024008,17.16389859110214,0.26071662611761776,0.9204234550618584
1636,5.207824478116686,0.7578289646285482,0.23310458363544617,0.04002822359062266
1637,5.869937739119812,0.8558080437232326,0.3028965055998393,0.041456017891321896
1638,4.999221846605622,12.347931763457545,0.220315838094462,0.6194387666536604
1639,5.912566466291589,12.034236371660231,0.2716146494840258,0.60427509086435
1640,6.637092279458867,6.288835756531315,0.18585562968070427,0.2603529639692367
1641,5.257261953346608,4.352933530861413,0.2370226477843603,0.14146981951895105
1642,5.444226645876358,0.4369011059973069,0.3282417274708797,0.03346179983916373
1643,6.049121887944344,0.5334955587335831,0.17989512169061342,0.0356306715534996
1644,6.403985641142284,0.8711331462602233,0.2845502328573117,0.0418086385452073
1645,6.190675813377497,11.508487808550079,0.29833244545098775,0.5787779282884732
1646,5.1921262170544615,4.873921828428384,0.2913323202935614,0.16567650423820204
1647,4.749529416871247,9.150529009618658,0.2516679057607997,0.38602637210516905
1648,5.581447716820496,6.075427840223786,0.26183009946025637,0.22532113873021467
1649,5.7764135451889915,1.532845631662029,0.20052889603654403,0.050336587652391046
1650,4.034859915591313,5.6881529686903365,0.10822168154259629,0.2041513762348885
1651,5.593289451582217,0.6930415560351154,0.3437425169683356,0.03876079724014307
1652,5.242046854367292,1.803330231296684,0.3032178782046517,0.05417081032823037
1653,4.636923855883995,8.627292222625474,0.10356295619316248,0.3680261342827473
1654,4.884279289199674,2.053804193667689,0.20118118787718506,0.07724536135628324
1655,5.93875381009719,2.676109068273038,0.17436936973449324,0.08674745349022452
1656,4.441222839500948,2.0378710704986682,0.21741490219555806,0.07692281392542197
1657,5.744239996157603,7.9078414756668955,0.2293176346143382,0.333464272862262
1658,4.8091178411603694,20.382193219284225,0.24320274220223514,1.1627267288483145
1659,6.659524372452841,10.704326534683783,0.24817761009142295,0.5150509843022126
1660,6.445319503951219,0.458755128472325,0.20116485110470078,0.034165692281170196
1661,5.215905930997493,2.2602402300198263,0.24954700451217396,0.0808629384275311
1662,5.299853697059836,7.403868079773817,0.26117008857015916,0.297259522767009
1663,6.127572701922637,3.761646712994451,0.30530829195238096,0.12929624546095594
1664,6.876978656560843,0.840529323819791,0.3787557548026711,0.041113874150683447
1665,6.110668115233207,14.963371176869423,0.21264457082335655,0.7594832018865844
1666,5.069984274347214,0.8690717327214229,0.28345340815349546,0.041760938763606065
1667,5.180076420278584,5.842908026328469,0.15303931951833513,0.2166248443216817
1668,5.609881233691985,15.785031246431238,0.24044749441449167,0.7992656605414874
1669,6.138420614764933,1.4776209844185504,0.28838104475580423,0.04951664745498319
1670,5.187703324613493,1.0480489727288342,0.15118035406290697,0.04345439090929156
1671,5.243014869459235,1.5624393482002308,0.15165392127338675,0.05072624084807553
1672,5.9415137231840545,10.147185526352564,0.26496003200538926,0.49041856116897786
1673,5.0917604907197225,9.921152426035714,0.2448668275928527,0.4800751232832831
1674,4.203530195310622,16.828470402862248,0.12602420375595244,0.866919982673607
1675,6.102942950185241,18.03637387141761,0.21612322096977538,0.9645974470467943
1676,5.789508361456442,1.6927339017824967,0.22416714698967724,0.05266711725840851
1677,5.296181806655671,1.6730388631512358,0.3098698595093759,0.0523716758466524
1678,4.932895284615061,12.100525834592045,0.153678134012063,0.6074833920130601
1679,4.675250798646752,1.6471797209167123,0.28893611430337063,0.05197900505248825
1680,5.430220199141169,11.05712769714638,0.1944314745491247,0.556707634384434
1681,6.3659206911459725,5.174803632009027,0.3452032945849416,0.19110746988250904
1682,5.766168689894628,4.312961705818348,0.30165112987676496,0.14066184820722027
1683,6.239709775490463,11.969104094284702,0.28755987459030746,0.6011206233431553
1684,5.208130632965097,5.078853445807101,0.24129644426641156,0.16969794879222058
1685,5.310846562169552,9.59867620794912,0.2555927904286722,0.4451553124221905
1686,5.7957596877771,11.666008395573687,0.2706462875237915,0.5864106001472127
1687,6.86280212009125,1.677783609414457,0.32558238267164047,0.05244313826942865
1688,4.5045832077952666,14.84817243916148,0.10808999759871814,0.7537814891853388
1689,4.433924720337312,2.799094420325585,0.19291953111260576,0.08852220287078957
1690,4.186321243262228,2.834641761198674,0.15480394678933096,0.08885900532710582
1691,5.191272946153387,13.478887900539673,0.24134572180371971,0.6737312246439507
1692,5.393300775584647,2.825431488133742,0.2570127802911513,0.08873127524250986
1693,6.102619334334919,1.6387150431385495,0.21371483732554414,0.051849326708804926
1694,5.634943602030686,7.005377691775024,0.24977234625346365,0.282304599262222
1695,5.91897031778727,10.246946820375399,0.31844900889782835,0.49494136815004314
1696,5.1178393388104135,0.886433467419486,0.18586065125602347,0.04216533709968749
1697,5.905277736223604,0.44034905377244904,0.2833679422171071,0.03357434961157204
1698,5.92851109953019,2.26020701469955,0.25899476113935466,0.08086233412078553
1699,5.668571134697111,5.909813044750966,0.18230220551478887,0.22073772027618135
1700,7.1138444415469255,1.6387378826042482,0.37319187869355236,0.05184967735733227
1701,5.434907540096376,0.8667644403896101,0.319068921790349,0.041707649287971535
1702,5.143591941942691,0.5860600228277072,0.22894808933167377,0.03697486531427002
1703,4.369753122177558,15.310128924209902,0.11997256896665794,0.7765602648243575
1704,6.169531681798886,1.2009008993591408,0.19385072690124322,0.046777757546047974
1705,5.088364396867039,1.1126431207318552,0.2960254549142394,0.044855761640739886
1706,4.782394180262223,2.146216767725949,0.19469818317185836,0.07876498806205295
1707,8.12344246025213,6.113364143986025,0.272681010954385,0.2264222068341978
1708,6.104569288364586,16.686095469178156,0.16677132449424467,0.8484260623469144
1709,4.793355444811664,18.258642804441,0.19433484630626818,1.0030454360994756
1710,6.153653846733233,8.680840349009811,0.20305685760206768,0.37012328354164103
1711,5.469190308711954,6.376572250248457,0.26520870753574244,0.26362163781561027
1712,4.153112717753761,2.993968283486775,0.17358383178073208,0.09099737441339473
1713,5.368970267750351,6.4568324174844705,0.19289162240765198,0.26537295981222725
1714,5.780479053313054,1.1103706412251344,0.24328561393079293,0.04480615668705236
1715,4.782289179403921,1.0479738675318309,0.1470215495686614,0.043452778324857166
1716,5.581754823657702,3.282809658510899,0.29157611784870996,0.0935825261067151
1717,7.355661469241402,1.4420199134322895,0.33950238623440615,0.048973631486068966
1718,6.804715372346735,1.052305507812894,0.36192636387107946,0.043545873499175235
1719,4.881322975757734,6.020493497144962,0.30386514056026676,0.22396397615009814
1720,5.693974615119183,1.905771030472977,0.2513686197372054,0.07414690667242592
1721,4.290516527388371,3.755554192560797,0.17895136732597733,0.1291640141347898
1722,4.614957474236046,3.970134646093596,0.23707009226718959,0.13377431657520641
1723,5.084862257262896,1.2022637824934832,0.19964655312305543,0.046807213431932
1724,5.323583129233881,0.2996057435177613,0.30925620408793403,0.029550631130510277
1725,4.448525660638463,1.4965628343337851,0.1935209852806184,0.04983149851383262
1726,7.906176860827269,3.5824393333428435,0.3526279215755615,0.12611465256008944
1727,6.94856642593284,2.658812119422398,0.4166134312520125,0.0864898778919456
1728,6.200410894105812,6.955239986382273,0.25159757813406775,0.2804312102840327
1729,4.767835778287858,8.08867440267789,0.14132217539942085,0.3462759091049961
1730,5.209959017113367,14.082022407099839,0.22567322629317596,0.7155816331986066
1731,5.2827552112438365,1.7011384913755314,0.11636059962045718,0.0527922381774721
1732,5.845104359220181,11.70825306206735,0.2113306139481668,0.5884640509018582
1733,6.144584829330603,3.269176589380242,0.30600512554721804,0.0934204214068474
1734,5.267220139467089,1.203005425379436,0.21939613954080128,0.04682323753819668
1735,6.036721985814381,5.016374316868521,0.28717977525257604,0.16871410871984446
1736,5.856807703476844,5.6676465115994,0.3225087178243405,0.2036402876987707
1737,5.567181528211903,0.8325048627955262,0.21590809842079073,0.04093868017765333
1738,6.13469065552168,2.208608194198085,0.23232878485121464,0.07995191865781504
1739,7.831806691149659,2.8914262951352403,0.4191793950754727,0.08963625968331976
1740,5.637654883439508,1.9490422939409562,0.30073064018192625,0.07507629882867758
1741,7.462463154943653,7.689654082773527,0.4257497847681985,0.32461148247309424
1742,4.820369771497028,1.0475719845976101,0.2441673341740683,0.04344415044787535
1743,5.477024382850417,3.6413765621793015,0.1584456664780604,0.12724578781059434
1744,5.2916782721209,0.3476496826909235,0.2649375887235342,0.03137791470533292
1745,5.471703115960346,1.9066615787945453,0.290664379580284,0.07416623228940844
1746,7.674304027962507,17.56457865738006,0.3927716569220145,0.9407919240132964
1747,5.863332849137146,0.7425613078255628,0.32938527494088043,0.03968728099441328
1748,7.86396572837291,9.455360209581865,0.3222616412485066,0.44113376266308607
1749,4.18034572037229,3.6576903072503133,0.20643669156585032,0.1276043991857395
1750,5.075002294214698,1.6091870744446788,0.11828156488324164,0.05139267530317822
1751,7.479410087282158,6.400114718240239,0.2741177616591433,0.26450014912102887
1752,6.421760428761222,9.5933491387709,0.37859856871005654,0.4449202478902945
1753,5.107887480028531,1.060057165273555,0.22749181175817457,0.04371290253366317
1754,6.479374699680554,11.942547308511145,0.2717730429225765,0.5998337986251852
1755,4.95472676848135,1.6453677254416466,0.18854767460770575,0.05195129223425073
1756,6.386030741658658,9.672551737370345,0.2034641469107837,0.44840531498113184
1757,6.119737948506164,0.5332219634487253,0.2877966494638377,0.035623453410165054
1758,7.360169020928661,1.7909730692213974,0.33365334630385574,0.05399735814046597
1759,3.9207854999614336,4.8507842149426486,0.1625582585118497,0.16517376800538203
1760,5.862311731575602,12.270467342436952,0.3188556207768972,0.6156985354781014
1761,3.57398607911128,9.654333070453605,0.1458475813297093,0.4476055133345631
1762,6.942626197902511,2.9475251495797785,0.35522561609640657,0.09038724881569186
1763,4.255751750182192,8.363440089965488,0.17481382686167482,0.3575096110331186
1764,3.6159931839720962,4.622541733239299,0.09780408941765487,0.16008061933515902
1765,5.249518320344438,0.8401795332697295,0.30492894820158944,0.04110621540648353
1766,5.709043272333202,0.7028185861186488,0.28467678429766957,0.03898209328782138
1767,5.084555833062336,1.9872673909193512,0.2607775834634734,0.07588097841393315
1768,4.337891572084604,2.628858134794956,0.07638750826773905,0.0860389232909886
1769,5.928535572265885,12.171402579350413,0.36060096602357705,0.6109113182566758
1770,6.116524557362564,7.356272600609477,0.279361554849947,0.2954699503574923
1771,5.087593509268285,8.38085755181209,0.24495936475750973,0.3582127294190761
1772,6.355941364541544,18.768383640644306,0.20519338463394068,1.0574026638834249
1773,6.081674470806031,0.5228374154474515,0.3162681595242761,0.03534743674448902
1774,3.3754221074121187,0.5633565013704551,0.16235354174594163,0.036403543380594906
1775,4.675508234749899,0.48452287643887204,0.19532232859974333,0.034964660842165415
1776,6.282431938601055,8.621844884283295,0.22046445314185018,0.3678120546679104
1777,5.752009807641566,16.606034194194837,0.23804498507969038,0.8445753759056464
1778,4.524316642484922,0.36443902841651304,0.18513023210222554,0.032166922604552055
1779,5.204738550197561,2.6943328472372357,0.287696771548837,0.08701663424276748
1780,5.014947389199871,14.47729237285121,0.2847433380869899,0.7353432660164653
1781,4.812167794058828,1.5769509861514535,0.21662923431026673,0.05089067435891772
1782,5.7769076156992485,3.809632962571556,0.37861834516566856,0.13033507302892688
1783,6.179834868134795,3.4658534738554017,0.2693263193301794,0.12378887181809972
1784,4.859121320335585,7.236066149113456,0.25778267460796706,0.290952149097208
1785,7.758974566693425,9.720297710146712,0.41628750231368095,0.45049623146479517
1786,5.360776916526884,11.022631617870955,0.20750619497360348,0.5550140064540077
1787,7.185739766591694,8.046721547561058,0.3423717180230957,0.34453994953259676
1788,5.468492109058308,1.0825078414456493,0.25584453310614674,0.04419916046844821
1789,5.26885350655908,0.35861617881454866,0.27230346241288444,0.031885200698917725
1790,6.52239803286776,19.377917657062987,0.2950925560707411,1.0908373389838624
1791,5.393585530924972,11.047900322320709,0.3003414083343257,0.5562547088768556
1792,6.1333677350372104,8.98355317777932,0.1875464679401921,0.3798206235700418
1793,6.051349531508703,10.7858600645052,0.35418822806900657,0.5186505356895597
1794,5.52416967955502,3.510316817481985,0.20121751118616746,0.12478762155334489
1795,6.07341102486425,1.9301362500316084,0.24853445990238027,0.07467264775911706
1796,7.0244361621080245,11.9639453832663,0.37193610851757475,0.6008706840539376
1797,6.960285211828975,4.608609535926611,0.23696260325957771,0.15976220532046617
1798,4.399908246648754,16.789276424098677,0.13722881660095046,0.8649816646328539
1799,5.322606397208279,1.2939600528464046,0.26185721907195775,0.04841272837146424
1800,4.695929546585183,2.7665481222107458,0.23034474586575743,0.08806188019901133
1801,7.590183474623559,13.531606642684007,0.31579256142264445,0.6762446115601525
1802,5.5086245621064345,1.4831357225303639,0.2015963931284207,0.0496086110642803
1803,5.30380403718054,8.1803981086524,0.21467330816847266,0.3500536338481186
1804,5.076595082570614,11.586384051031489,0.3166013050812093,0.5825716900399566
1805,5.520745070440227,4.175062094680608,0.2820310529798771,0.1379234575485516
1806,4.983880031117423,1.8162644539386992,0.2904722062263945,0.05435111259933828
1807,7.000479597965573,9.505034294217056,0.27465554535193193,0.44334838434719964
1808,5.63363138814475,13.572233398522613,0.2355520333066161,0.6781801155832985
1809,7.418392759486613,0.43297310192469607,0.2649071990479714,0.03333295857706265
1810,7.648320177832792,7.82449543315776,0.2675858165215372,0.33009336224479885
1811,5.610710985814813,3.837834132819123,0.23418356008058816,0.13094336196929732
1812,5.508642465401487,5.257340921231089,0.2077418678618164,0.1933212970883234
1813,5.556303774679702,12.081870881448003,0.18718248328479078,0.6065807444248126
1814,4.9009080149986985,0.5991097088852353,0.26344116479373886,0.037299808201713434
1815,6.986623590889627,1.0403829639922189,0.27784363818544267,0.0432900906141661
1816,5.383941808048063,4.3794554939278,0.3043221529602023,0.14200319683904009
1817,5.371550583596827,3.714455242098419,0.21610968394558308,0.12827003360440023
1818,4.903942693620203,2.0192197985907865,0.2286392672249117,0.07654191123927995
1819,4.527627640456423,2.2311764482083825,0.24250955951847425,0.08037223160282855
1820,4.766684159792381,2.6392037332524816,0.19468226853998608,0.08619538524671444
1821,6.258873801304341,1.8745512237925108,0.3363439918387875,0.0734641481165603
1822,5.70481093055478,1.6779779323374548,0.3829888398435157,0.052446061146426234
1823,6.527647311953867,5.316165680051862,0.22912792660814782,0.19488143872276062
1824,6.310165600926905,4.4993129779281045,0.18020942504298978,0.15723652897147855
1825,5.797204449325084,15.2698954884551,0.21819509706461754,0.774585929349875
1826,4.604310411644712,0.32160512091483756,0.16977592557147916,0.030303382145447796
1827,4.360010901280881,1.8736174867646178,0.24080643111820452,0.0734435702889842
1828,5.0137252459541815,1.8556977517724258,0.15194450811076002,0.07304688054895936
1829,6.214214078014574,7.127247999599727,0.23837986936325214,0.2868680568080995
1830,5.977361053729992,4.299568943671075,0.25192466775015715,0.14039005190839632
1831,5.247378680780686,11.20063529745478,0.24101940223662607,0.5637422500094568
1832,6.1053469325977,2.8640117023861937,0.2570204366083837,0.08926306889898201
1833,6.891992204645856,7.148857374480758,0.466124690059705,0.2876784831134403
1834,4.593915012376825,8.00472670894511,0.22375443483250687,0.3427975863340997
1835,5.768125194073623,17.94830563014186,0.2654087542043348,0.9601669661587098
1836,5.1248694471942144,1.0205935654741327,0.2749979081312407,0.042868942170818214
1837,6.980930223160578,8.906978567953432,0.2843213725630183,0.3769268026304519
1838,5.950643598466565,0.6114445777390474,0.30497936805835985,0.037457632953572885
1839,5.355923819047361,5.989521675206299,0.25423368476907815,0.2230623933888091
1840,5.111707435211469,0.8349517021417182,0.22261262913119897,0.040991991091987534
1841,6.952129210993152,0.5952474326628289,0.3034812059535643,0.03720394463665126
1842,4.551584696301353,5.910857929702721,0.18486662187961614,0.22076823965025197
1843,5.983022492636782,11.657548143898591,0.25524373261185207,0.5859992273331127
1844,7.955735490766128,1.0472660059459273,0.4755726986762903,0.04343758258701773
1845,6.481445347660546,8.991006256978205,0.31619512124768034,0.3801006843035891
1846,6.199801046754126,2.0099155888274836,0.2633973520760556,0.07635055005564297
1847,7.190021561217745,1.1191220751393185,0.2084340938897539,0.04499722841486449
1848,4.6781920947794555,14.279377059376445,0.1393330413131544,0.7254605733203959
1849,6.24900281991193,3.5076013677458375,0.3397645979696727,0.12472674859977344
1850,4.9058658513149025,7.5040972939261374,0.23283815258827778,0.3010273862059935
1851,5.30697011207629,5.8815595161953516,0.29806387036168147,0.21771957379729404
1852,6.281605430106485,5.1496006997637265,0.24601420113694916,0.19042572060454455
1853,4.7088467092240744,1.2138627081910518,0.16742959067727836,0.047057415197108626
1854,5.4188135631061485,2.9747673299091213,0.2345331152908163,0.09074634311063146
1855,5.4895578669700615,10.366047223020919,0.19383435452278877,0.5003099708952939
1856,6.234235454183356,1.7104048262816154,0.29491709895637613,0.05292952876269609
1857,5.011498978381779,0.7021329525244563,0.28447381513093234,0.038966566722214324
1858,5.2596602182373715,7.454214712570085,0.27663859257266654,0.2991524365136319
1859,6.900286689135062,9.065789197325127,0.3991654009195938,0.38289495552666514
1860,6.212259739254781,11.155119163895572,0.24318019904772395,0.5615129743781698
1861,5.737462955882251,5.965252060294458,0.2359814532999921,0.22235528661306425
1862,6.924107522422109,1.9330401852424148,0.3017740102381312,0.07473489169173435
1863,6.091908364567696,1.176305931935815,0.28082700760453166,0.04624443895035321
1864,4.902553689840693,1.983518523289471,0.1352337016190924,0.07580273637229727
1865,6.0108967831318925,0.31632465688145467,0.3096434106131861,0.030115598561633622
1866,5.156193849080332,1.6831961759912404,0.28662138721728386,0.052524436028414695
1867,5.512516389704552,3.806505089411891,0.23974488194980348,0.130267504024686
1868,5.783701720915711,11.332001836793562,0.2285122675600114,0.5701669573342779
1869,6.182798908736202,1.7044397925824386,0.27965047307812807,0.05284122964614314
1870,4.977628746563786,0.8514978238386087,0.3214285554692799,0.04135872944077008
1871,6.376039797452221,2.0114522551012826,0.20061559905431717,0.0763822168753531
1872,4.695364450039024,10.571700926649457,0.1950549488810517,0.5091682420952902
1873,5.406738473687548,16.13647621187149,0.22882655985740813,0.8218176986140499
1874,4.728684031431508,0.6770181972857655,0.16364972449291368,0.038398223157349226
1875,7.320653159288492,9.888261880965397,0.3719474817129961,0.4785580753501996
1876,6.013159232380892,3.513397939982266,0.29531231236256544,0.12485667278475901
1877,5.904763169533135,3.48602944850979,0.2511237823034725,0.12424260198418342
1878,5.790121230732584,4.193804707807421,0.3225846525672712,0.13822538423412764
1879,5.153616693283603,9.201358817226083,0.23023054625266692,0.3878869117445335
1880,7.088545522361527,14.364388687767882,0.3098343185516414,0.7297087813957359
1881,3.865215185196743,1.012258354401431,0.20140970841236486,0.042692948028066384
1882,6.438789210074858,1.7031464087446833,0.23510827382439384,0.052822046219637264
1883,4.178933588951485,7.721053917285544,0.1545118092624859,0.3258906680686001
1884,6.789414452099852,0.3380390316241247,0.332676882146492,0.030956819881295176
1885,5.781502397156455,7.622961073415362,0.24971656430960434,0.3054905110865292
1886,4.347955141429441,3.5021844593055182,0.1663507141432682,0.1246052691176638
1887,4.750374769229461,3.3994615596880835,0.1981907584770852,0.09471598793493309
1888,5.013222308556675,8.718886029340675,0.21742978277882127,0.3716051391451089
1889,7.102864754683162,2.39602890529816,0.36004627746096723,0.08324975526446024
1890,6.828562434415118,1.044738166979781,0.3533382772426397,0.04338335844914459
1891,6.134938638630461,6.752676470666016,0.29794468338028374,0.27340172256701106
1892,6.62633468779923,9.875828432868445,0.31496461865606273,0.4779837584363058
1893,6.4216740009132725,16.201676181764626,0.3304335915442287,0.8249955988797925
1894,5.013820996661235,1.8862971534061472,0.2845900180660203,0.07372222527908334
1895,5.7343916785750615,7.542187156057547,0.31414738969976747,0.3024584655911659
1896,4.706755839291161,9.493877891981665,0.2202154207784661,0.4428517456000161
1897,5.424987261501053,3.488047357796289,0.2121272592823358,0.12428793326674581
1898,6.777649868980662,15.443453873814468,0.3244438748864084,0.7830888054511356
1899,5.885746725401943,9.326228762240074,0.2283936091967352,0.3924014813580064
1900,4.116669426966243,1.043538901883473,0.19026139793798585,0.04335765611774591
1901,6.326200274946884,4.888145280099672,0.2757117701762271,0.16598426824149193
1902,4.971533076860822,3.5734600257327322,0.21028793493027417,0.12591546556461286
1903,5.042459431785453,1.6251828510583284,0.187504536085254,0.05164085719487804
1904,6.983342472943256,1.0363037996151383,0.4084113758075756,0.04320291744202859
1905,5.249035800770418,4.647765398422302,0.14265919732242047,0.16065498274285056
1906,6.255298735742415,14.381981318838722,0.2786250855875831,0.7305873287805821
1907,4.704304983793157,9.332889149977921,0.17539633209814118,0.392640071357561
1908,6.048136581832861,1.097731812220342,0.3061444272249861,0.044530482360854245
1909,4.782743196288465,11.703730016089064,0.1564878403645736,0.5882442445478296
1910,4.839621092396476,1.5031744071523905,0.181004639195091,0.04994071708011446
1911,4.379281034035474,10.803484822157435,0.15967497565950597,0.519426983032066
1912,6.066018849147421,14.75104731734405,0.21256116472820055,0.7489644204487327
1913,4.626396701078074,3.4580136955833454,0.2667099079350003,0.09538411785783861
1914,5.9272150395802745,7.8881740333986174,0.2843791309988857,0.3326702224376648
1915,5.36665162530312,3.768611097720301,0.19425473898171505,0.12944730675619073
1916,4.083767301451891,3.0322743388752023,0.16618607941031852,0.09149290538314324
1917,5.522083614039015,3.731921891712024,0.2581969589189771,0.12865038595169892
1918,5.564616238320924,2.204801556399645,0.2603663225961386,0.07988058762168754
1919,7.295118763274227,2.4319510325332048,0.29683078571533955,0.08385428919807705
1920,5.621052545194897,1.2280935443703709,0.2289153195446584,0.047363169060592215
1921,4.636570687015113,6.570458338201704,0.14624785361757256,0.2696076106107474
1922,5.403094124826687,17.809577723710234,0.17342079796804502,0.9531760110319678
1923,5.579125571985103,1.1395530610921463,0.2411821025669199,0.0454434378876778
1924,4.342352443601212,2.6944372992490657,0.18361551594138012,0.08701817066177492
1925,4.854628685702623,1.845533813431982,0.24260177434394462,0.07282034559358413
1926,4.307615425354382,9.62419910158222,0.12003160876958927,0.4462802089692162
1927,6.011492033949978,2.385750674398904,0.20275419823908106,0.0830747934816464
1928,7.429302338451306,0.33070760619272016,0.47435083304191117,0.030649593633694384
1929,6.932530190626941,2.0317294799851116,0.24209500721861404,0.07679778556793439
1930,6.332275684490347,3.7411157079611104,0.33176110483432736,0.12885034086828714
1931,5.591884274964783,1.1221974616073398,0.1886708689707483,0.04506439341268999
1932,4.658904644047457,1.175712411116423,0.3083689102647775,0.04623153620137509
1933,4.568101771397745,1.0738110888056578,0.21193208403817887,0.04401040999265139
1934,5.640308036829645,11.998982774811713,0.19813843532067044,0.6025679706397497
1935,5.263013114384961,1.2170683313283204,0.2258709930184383,0.04712640806452638
1936,4.658018868906175,4.161959714461281,0.2974848362119713,0.1376521218124091
1937,6.494544421718487,2.343429557113149,0.2682088375617361,0.08234471305627503
1938,5.00110893977283,18.850310791915525,0.23341110333207685,1.0619409488473015
1939,5.217224873804732,8.12989864186733,0.27734599046546354,0.3479768867006055
1940,7.0288300953432765,3.799031360308572,0.26859062967452996,0.13010597289623232
1941,5.539018049819938,14.023225434950216,0.12453412011468648,0.7126344059665072
1942,5.099148702221403,1.6335892479625667,0.26646364615497237,0.05177052908000672
1943,6.263271387660601,0.5148503380466755,0.3391935871803042,0.03513231845763867
1944,6.033851780553277,1.7780441738893782,0.36869716413435216,0.053912926088643315
1945,7.712205716040934,4.717229044472973,0.300565361545197,0.16222231889124195
1946,6.312453551141712,17.17100838687128,0.2872236694462368,0.920786227228226
1947,6.680080269316785,2.62916575242688,0.2370721842202442,0.08604358645845804
1948,6.407717379337614,6.069829736023712,0.24822366237763074,0.22515857950041912
1949,6.916623654283419,4.6657503933626,0.32887278108652035,0.16106283218046155
1950,5.968440825805641,7.566419527272334,0.3728337282151048,0.30336852638892936
1951,6.310440505061345,3.4274992963351587,0.33395211568376365,0.0950382050238156
1952,6.174650109824218,1.7997962699598802,0.21294681069193458,0.05412132515462649
1953,5.966698570527119,4.513516256016971,0.22125862030990268,0.15756744757626595
1954,6.314549095396909,2.8555703931212864,0.2949468529531086,0.08914741993192461
1955,4.5453396814503835,0.5156304644524065,0.20464103285676247,0.0351534419180904
1956,5.941906493506348,16.207875915500054,0.2734975032039535,0.8252974780594846
1957,4.610773378313513,18.300538571526697,0.1909636495480389,1.005242585613248
1958,6.1240791467279045,1.1327971997087585,0.24037995918273758,0.04529590586451476
1959,6.586001562469961,14.35708123283982,0.3642751282896913,0.729343797838676
1960,5.309227474649558,10.69142102649059,0.2117447171000065,0.5144800639074212
1961,5.348727471350418,9.857771251146213,0.21295115899700803,0.4771488484891826
1962,4.103078177812143,7.5984225884892025,0.20574719378796305,0.3045698690329501
1963,6.626362419374398,6.6024900177552786,0.3808826888093695,0.27080422328694825
1964,6.55280773723056,5.440434383591485,0.30594310164237876,0.19812917809148534
1965,4.851021022699096,1.4437865047989418,0.21543187758908142,0.04900389815864734
1966,5.74283703282828,18.95870018860665,0.2493434692936822,1.0679397795863839
1967,5.82674361440725,12.858295971533721,0.33266035927432397,0.6440145019990443
1968,6.19697927172512,0.4377464476378275,0.3234540256447568,0.033489442182856946
1969,7.936046405109773,18.220852175688194,0.37780561923108397,0.9738598722214044
1970,4.5379128291413595,4.92036729529761,0.21999089938541214,0.16667784010579328
1971,7.1565157858514326,9.41362848596357,0.2722645015329915,0.43926654602149656
1972,5.739831020990136,11.481315351120092,0.34484860617313995,0.5774535906656544
1973,6.926948936725337,1.8108310803981678,0.2895323558741844,0.05427552679559363
1974,5.870854079650051,0.8548269794928258,0.2588424597354641,0.04143378380444038
1975,5.524570024503537,4.320859221241583,0.28962906898768487,0.14082187025410434
1976,4.242592941505457,4.790277710305105,0.24068731592195466,0.16384697638219742
1977,5.9123849276026545,1.7606002676135746,0.2942572854825127,0.053662712692895964
1978,4.991081202937231,3.459790835274393,0.16604242799697913,0.09540430174680394
1979,5.871696741984624,0.8609381765054184,0.24180953407655828,0.041573550315647106
1980,6.985986220851852,10.257480873492451,0.39457553212308466,0.4954175330350657
1981,5.590299925456082,15.916215365627906,0.24543242062319579,0.811039194059681
1982,5.453710023582409,0.3168278265138818,0.27711938224958216,0.030133281838089426
1983,5.901731814035057,2.1283289326178916,0.22006706709445917,0.07841761717451563
1984,5.335137498323596,2.723352994444135,0.21715482357353616,0.08744072532369006
1985,6.862840676058275,1.1649976090310887,0.4157807606946354,0.045998386392582385
1986,4.905996954911108,18.03742989900932,0.24459094778421273,0.9646505382878564
1987,4.9513537749810315,1.5486851576117586,0.11466188658975185,0.05050690408655027
1988,6.27972224932084,9.151351072178866,0.30178931985285457,0.3860565682963687
1989,7.195579657197068,2.4378484547441404,0.36908075356220843,0.08395254157604395
1990,7.136122590466707,7.637498820980247,0.34091580366232255,0.3224838351871669
1991,6.297760865308269,0.7274032072761006,0.296932589522175,0.039350884848825096
1992,4.925055473853065,1.9073002408983433,0.19908339866967495,0.07418008664285777
1993,6.795451902696592,7.048580844655336,0.28055585212806505,0.2839208554955182
1994,6.364112551874309,1.2212249551090424,0.31272165134559243,0.047215766274338176
1995,7.354296551637931,2.7632156956603433,0.37680474425936683,0.08801437913850294
1996,6.21030332567976,18.66054038286826,0.2735166808848171,1.0514235615569376
1997,6.87845105548392,5.665655237453165,0.2665637945464375,0.2035905731902823
1998,6.7825649372590675,0.8300086929469966,0.30702629412585897,0.04088439067413431
1999,4.872463078823372,0.5299194012365902,0.38549200408453155,0.03553610870255117
2000,5.561082403395212,2.2874164320052346,0.3055036797483079,0.0813539452436848
2001,4.5073242385908925,15.797682527777322,0.23745299510365156,0.7998780086018802
2002,6.2665526035682815,16.61405593783945,0.35018891780377703,0.8449615770042025
2003,6.525978540772786,1.550348620995012,0.26823108114237476,0.05053351019734075
2004,5.856307793293711,3.922174748131989,0.23277084814900442,0.13275249889271956
2005,6.453529761254799,9.030377279001506,0.2735519835882307,0.3815753766340313
2006,4.9838003063212915,15.214531655246876,0.18907397841026136,0.7718659588683944
2007,5.667000888786155,1.4733622662336563,0.2559535201934483,0.04944546168292786
2008,6.0250138256680685,3.7248311503962537,0.23901799553698636,0.1284960532000687
2009,4.946266619670841,3.934972377756561,0.2232949245073987,0.13302566364321672
2010,5.796606410013788,16.630061050512055,0.19282262961207813,0.8457318770774321
2011,6.0982253571071245,2.62307848483657,0.24343145548260595,0.08595118492733242
2012,7.483779970631969,2.089867669216359,0.25769920308758576,0.07796777908097496
2013,6.44706054629695,2.985997230264666,0.27226981253871013,0.09089338037191384
2014,5.599003697354056,1.5032040866574894,0.15116732509020944,0.04994120657342327
2015,7.197579251860805,2.917049898297122,0.4790374077398579,0.08998134989572587
2016,5.790270845551974,9.268123499951761,0.3948223306671614,0.3903105780486079
2017,4.514713994367308,2.869715561475315,0.08330633599423129,0.08934105975452666
2018,4.729168636617487,0.7589655878548269,0.17649543665559514,0.04005371051822873
2019,6.189515874110232,1.037128079824818,0.2134371098883414,0.04322051801463509
2020,6.418349311440443,5.012527580704131,0.3355444467382524,0.1686333983081756
2021,6.997905891382603,2.2963792955208695,0.2992222243967371,0.08151439123654486
2022,6.030200111707835,5.625895109683287,0.2557906031837119,0.2025947190064153
2023,5.882492526565501,1.0654630019524403,0.17761372036212547,0.04382967261898021
2024,5.9278787367963925,2.3239528251217134,0.15623768701867685,0.08200341055449147
2025,5.768382325321439,15.550698025725577,0.2379161536145529,0.7883241143124629
2026,5.1728086261114266,0.5320190715726819,0.2295674967829062,0.03559168592977757
2027,5.45480127952353,9.942084846787159,0.21347048285735268,0.4810389652892924
2028,5.225030572429206,11.559395256934952,0.25130046853560983,0.581257718181789
2029,5.86838508657383,4.652202110864846,0.3635329212469908,0.16075572606898786
2030,5.200481886008048,9.940007683194722,0.2903613628837912,0.4809433781284896
2031,4.356651599975077,6.848062796121163,0.17056324334384762,0.27695477689897
2032,5.640948264778541,1.0267442328468266,0.2764614327514191,0.04299935325338995
2033,7.655274732359641,4.345088299136958,0.3447813062681642,0.1413116257450217
2034,6.1196301394818375,1.1077085231710826,0.28877268156408004,0.04474805875028046
2035,4.1361691263211355,0.5899933122457306,0.15461579036705145,0.03707312825559895
2036,6.195858923424816,1.5574537799012436,0.2978171754820692,0.05064690821186542
2037,6.87607067285207,5.341589599538152,0.22044083825996233,0.19555118345698796
2038,7.417477744749234,2.1660949760497084,0.31853863865168114,0.0791472901737413
2039,6.48532763894987,1.471608991895392,0.3391881816666149,0.04941611272502226
2040,5.188903258721372,2.6034326830713233,0.3214107354302081,0.08565116563798394
2041,5.104052805801531,1.2418674801966145,0.20172340556937615,0.047657783848503846
2042,5.757108552880481,1.1048872981190891,0.28384486802231107,0.04468650526232523
2043,7.24250997859548,2.4454653001048503,0.4005758396856063,0.08407901227433343
2044,6.380950394075735,0.4413425218945239,0.3543806942464833,0.03360668068305306
2045,5.6626076187001395,7.668089338520933,0.3191656758665356,0.3237321735715188
2046,7.067789670678821,5.824713753398444,0.4132900900564089,0.21610860131475054
2047,6.8537125806087245,7.048863702721726,0.32650308349621926,0.28393144309818247
2048,5.826373775971487,9.24336619014175,0.2580405446944957,0.38941450282839657
2049,5.976697125066608,1.614166421961889,0.24018302121931961,0.05147009220290487
2050,4.733957820161943,11.220555127432501,0.23347228985333887,0.5647173433904503
2051,4.61810646571644,2.1177160349457904,0.16028103246934142,0.07821074461723658
2052,5.365081231150554,2.220764258636205,0.23047941496505772,0.08017888075671048
2053,7.364857679822121,10.355334646042191,0.3074138007160793,0.49982841225839086
2054,6.9738600103534285,7.9134011745909385,0.4422902419881956,0.3336885736682333
2055,6.729653675607157,9.206864066976197,0.2966654579574715,0.3880876241565216
2056,6.552995460435827,6.39125083312564,0.2775650189974209,0.26416931040623537
2057,8.531317105484279,2.5797152472164555,0.34466932492447194,0.08528524100745313
2058,4.620989564775807,4.547074668315446,0.22195167931641138,0.15834616462458687
2059,7.008347864373021,4.157698197914477,0.24919625433020579,0.13756377190185878
2060,5.5255580429778295,1.2022554041281774,0.21100580162929616,0.04680703238702981
2061,4.630452128317819,8.820548924938098,0.14731768634605058,0.3755303197080403
2062,6.01606883137112,7.705790543462078,0.1729380318528737,0.32526903733199414
2063,6.203880928398419,2.642329454243311,0.31323544495114136,0.08624250906182705
2064,6.036650467480169,15.238720513794648,0.16828956769750902,0.7730547785484145
2065,4.58093762188872,2.695043030288875,0.22367692888485166,0.08702707912331849
2066,5.235336676879411,1.068307025560266,0.2605104084053044,0.04389119255177762
2067,7.149677530039063,20.41754515662324,0.1914314426877254,1.164715800385435
2068,7.343404460972542,9.42538159624393,0.4395696325467549,0.4397930426585756
2069,6.658990963031004,5.269129160042204,0.3252876507642652,0.1936351210753253
2070,7.561935834206815,5.8119586642761325,0.5164698577835296,0.21574632237889912
2071,4.515714147767787,2.0244127989016047,0.1577181477122883,0.07664832611354422
2072,6.345625002858465,5.463440601368508,0.32803814853715,0.19872335419376314
2073,7.379217278071554,12.81305945095618,0.34960739743531805,0.641840361046293
2074,5.830662540890425,1.5317825648422208,0.2400986531008523,0.05031937677494934
2075,5.967195696115577,1.1346482041076364,0.22561968699520776,0.045336331197963084
2076,5.484880805455771,9.793438884932808,0.22416669958718985,0.47416622563830646
2077,6.953400072417631,7.390354461829771,0.26401498330947015,0.2967514090258676
2078,7.038221475127384,1.4309315208442988,0.26984915257606784,0.048783081824602864
2079,6.729287629307804,7.229610503601497,0.24447008408855772,0.290709670941902
2080,4.875941923848626,8.251294849936842,0.13604414715843902,0.35295540310804785
2081,6.863747431255404,1.8369700694519433,0.21640720064217975,0.07262862641345527
2082,5.262523641621622,1.9853924213305345,0.23403330263309696,0.07584186454646002
2083,4.347397720342216,1.0932875591113165,0.24008401101043306,0.04443366101049212
2084,6.458108047638369,4.904866437008692,0.2597136068288228,0.16634481982536456
2085,5.572286073775387,6.603668737808051,0.3661780999458906,0.2708482812493919
2086,6.978140186203528,4.896075546426759,0.18213701882946803,0.16615543511293399
2087,4.179664920680874,1.8147881800967667,0.14944065641413393,0.0543305977488529
2088,7.863283702103758,3.9326345686436297,0.3508891828400474,0.13297579030323317
2089,6.068871192917718,2.1678548423324533,0.26508267539194186,0.07918094862236963
2090,5.6930277247070675,2.1993571191045747,0.1883928501129197,0.07977832322793296
2091,7.064310666553924,3.288056783416556,0.3407918066309606,0.0936449814767967
2092,5.417818359042795,2.894006416862116,0.24923494350753536,0.08967116880395923
2093,5.266929739954909,2.1663726843064466,0.25812736287437854,0.07915260352577355
2094,5.663492506632067,2.9353871503043685,0.15825194589055516,0.0902261630385473
2095,5.327260817883962,0.7064526341936318,0.21408490847031633,0.03906441620642062
2096,8.417174801274136,1.4945158349231127,0.5173019181179135,0.04979761233317434
2097,6.492175981340097,21.72720470098403,0.37276281659619565,1.237937876923699
2098,6.936106047972204,6.215204310914569,0.22596549724855938,0.25761564715676644
2099,5.498812073515099,3.637605607205931,0.2257805092438319,0.1271628164305489
2100,6.2561035642794405,0.4365918680135122,0.3083581283844598,0.03345168017978738
2101,5.863527281823541,1.1628989383230701,0.2468533481981566,0.045952675485289154
2102,6.0342824524741445,0.5209321911045198,0.22961403284149076,0.03529635152741733
2103,5.825342737338638,1.8603049260933355,0.2927696127598011,0.07314919198889325
2104,6.269875342971793,6.497116827465096,0.22860864183380616,0.26687252472181067
2105,6.1076279784688685,4.9190046868748025,0.33105289979854086,0.16664861295598987
2106,4.566627471436937,0.42441076227969793,0.12351924307739576,0.033051757221421806
2107,5.204510703712523,5.6587334092464525,0.18796193291105742,0.20341764342692392
2108,7.2814243316549065,0.430871381162277,0.39304304638781573,0.033263911827855756
2109,6.118275769327707,1.1232059306334277,0.2206686923150531,0.045086419140345765
2110,5.400088700770104,1.1508364709291277,0.26198044521040775,0.0456897064924342
2111,6.815444825080314,12.13483785723941,0.3749359227854398,0.609143183870808
2112,7.192704059319541,1.4389020027988235,0.2922010743401972,0.048920151580541055
2113,6.590964648388942,12.349609863344547,0.24720956981988726,0.6195197604423193
2114,5.740831969892716,5.302318008516343,0.16505590386765617,0.19451549546789942
2115,6.3068158536461345,7.1724481777781826,0.2946274609609711,0.2885635885177427
2116,6.583553857427647,4.802558659792418,0.28649736698119815,0.1641176777105577
2117,6.397546798043991,6.1686903453863335,0.26887763745683124,0.22802659642812986
2118,4.991167280539088,0.6724375088119361,0.15895100189983372,0.038294482315498264
2119,5.569297215223923,2.90800236064506,0.2713172000163705,0.08985990432227726
2120,6.463558109437707,1.7230596139859422,0.30786539647051353,0.05311607588645812
2121,6.2614577915085965,8.521203108689265,0.2865367723547685,0.36383324945540096
2122,5.841680557256153,0.6772082861499904,0.14509381214117625,0.03840252675332618
2123,6.09977080005173,9.609150819321524,0.19125533408508522,0.44561723775805423
2124,4.232905970779677,0.6717030970065829,0.1915462428068245,0.03827784277297982
2125,4.7296893506472735,2.383809303075297,0.19045905599002103,0.08304164429033348
2126,7.442821165866389,4.2739542316294505,0.30724723560328493,0.1398687400736665
2127,4.662049048305744,14.00583433987375,0.22763807641949288,0.7117623462632869
2128,4.438081231033679,9.59136721113537,0.2006690179523651,0.44483276776935243
2129,6.054466751128636,0.5334404897675514,0.2657987930011087,0.03562921891018081
2130,6.182027085405479,11.55493095867877,0.23188494047027805,0.5810403238546252
2131,4.519839722000428,8.75237050147378,0.20446902538758502,0.3729036287562848
2132,8.084204142516235,1.2816442402011288,0.3975962562272704,0.04816116465213366
2133,6.034128698472191,7.5898228353084916,0.29148017890428674,0.3042471157482159
2134,6.047849949190241,5.286534966970781,0.3218052043500543,0.19409741478022371
2135,5.510258755503263,3.271811333221217,0.2242374436209291,0.0934519249146254
2136,5.61661337510093,11.172982347195429,0.26107036116494176,0.5623880762843959
2137,7.292613103585322,1.8141698281928298,0.31752289540917494,0.054321999987083994
2138,5.001165303752926,0.725912307741383,0.1946779628428972,0.03931788367939906
2139,5.817967221146281,14.764579815068515,0.23745400383963639,0.749636106299994
2140,6.3421483928012234,13.046262155085165,0.3125714463313229,0.6530377534937569
2141,4.896839287051825,11.774252058224896,0.260754563714492,0.5916700076646167
2142,5.559570388453325,2.3507866128711603,0.2661968531833606,0.08247275769439939
2143,6.432628758701786,8.797712768807411,0.35033573727272643,0.3746533007483622
2144,4.339987276839983,0.8547680114389605,0.2908255119605685,0.04143245261394462
2145,6.407017554205251,17.64704678171162,0.3800939069980238,0.9449660783560775
2146,5.789796362575036,3.9485718279136006,0.29951867998917764,0.13331554424200112
2147,5.039831483685636,9.691259422585231,0.22968235025723943,0.4492254514525566
2148,7.2609156011010745,6.9289595076210775,0.3466740032477775,0.2794502870070977
2149,4.515193946822683,1.8240120572701972,0.09874471064093131,0.05445850563604728
2150,4.951031069293033,0.743307676022149,0.23355569074468754,0.039703892898952334
2151,6.768595672078381,6.976480103668765,0.3830324135043865,0.28122453237824846
2152,5.852017929621463,0.7119273919596921,0.24942925797765428,0.03918854480438933
2153,5.297982434468659,4.03566039977128,0.10471419223170905,0.13509762407919523
2154,6.840996850797542,4.282518879046653,0.43650243946915046,0.1400432626905607
2155,6.738362635219776,1.2802082298907882,0.36223812413616135,0.04813175410602971
2156,7.860120626750649,19.725858222338864,0.3826818351225321,1.1099566648145034
2157,5.677461660814989,11.078042362664208,0.22432927668842187,0.5577339521976592
2158,5.05129340076343,2.9865493674916683,0.2990309537146391,0.09090059376767241
2159,5.373803753225158,17.57809103302319,0.21950139094335305,0.9414762589373354
2160,4.753135358525426,2.065056120618588,0.2430829592466838,0.0774715710552343
2161,4.665388813151881,15.444291162086529,0.20746392113210715,0.7831297369571086
2162,6.294362904161495,0.5826564314048631,0.3140778985465396,0.03688968563449818
2163,6.726089030987334,6.240583634288977,0.29012924721625516,0.25855859219101845
2164,4.639840997188613,10.502901945634374,0.24799484402005922,0.5061026593961313
2165,6.335361033457077,1.048317646750215,0.21470722217869476,0.04346016007117355
2166,7.522375981578359,6.781414653536049,0.4248787914257876,0.27447104460402044
2167,5.601233811273384,1.6365254879770181,0.2761679354952116,0.051815692192835744
2168,4.235652750471126,3.18935202587805,0.1938965159812406,0.092758645980517
2169,4.865805643873061,4.620142450280502,0.24061225134154496,0.16002584360448938
2170,5.33769345694146,2.2831347512358313,0.2658356419314542,0.08127703815988113
2171,5.930214096794158,7.417424368334322,0.380565235558926,0.2977692340479929
2172,4.2083123589858715,1.009615913334656,0.12744621787276453,0.04263733535081122
2173,5.215654415597606,2.660775161654395,0.23049638252062402,0.08651921350011996
2174,6.1123697499491225,2.44737446592062,0.2861552978323159,0.08411063694304323
2175,5.7878960705403175,4.225506725730573,0.310669845872208,0.13887754600227906
2176,5.398049842603547,2.2645096114235015,0.23581273146746626,0.08094052842540027
2177,3.2073173475057,5.1372659123041045,0.0820624102691185,0.19009108337275352
2178,4.555244024884064,13.88473718188855,0.28920409012720444,0.6909948208517153
2179,6.188347877380812,11.286092519766086,0.28460079834762275,0.5679232182824611
2180,9.338992092685851,13.505828966011222,0.3646673792386057,0.6750159016482046
2181,4.858013855728006,4.657767237780948,0.17022381442442516,0.16088197084992567
2182,5.158264383875395,0.8449954167781352,0.22210404720668056,0.041212717256941526
2183,4.727081314280027,9.369789886484575,0.26068796165047886,0.39395794891069924
2184,6.006873747850993,4.280802983245187,0.289361339581474,0.14000831489568635
2185,5.230606621388557,5.050636333879581,0.24551388762283388,0.16942973397503797
2186,6.448896172286773,0.4558128810965822,0.3077076801325891,0.03407228987811868
2187,5.0993945142258905,6.052667511422489,0.2975369860006914,0.224660078718656
2188,7.561540915634371,1.0593038134973254,0.3066767891897311,0.043696647597115
2189,4.086528471814641,7.217817284664699,0.185031476384262,0.290266763302886
2190,5.4949233922957506,1.4894341159574367,0.2459087338553549,0.04971334363386466
2191,5.712925548732415,0.531565445147006,0.23205182722156317,0.035579692340074354
2192,4.9565790665243075,1.152550499197216,0.18512081820392462,0.045727095410237846
2193,4.406774192735612,3.777562581681868,0.17185334089054874,0.12964132354967348
2194,3.937367361082489,2.2589501285520384,0.14694510380806666,0.0808394592648049
2195,5.192706060228484,5.707855798778,0.22066600511097775,0.20464093619432389
2196,4.766150476600491,2.3244364536636843,0.2140501890454927,0.08201192652253904
2197,4.930882602871331,9.786756311376209,0.2310524125628968,0.47385566784889244
2198,4.805061539954481,9.148026442185543,0.193035754303812,0.3859344257437811
2199,6.24280837712009,4.541843484053626,0.224492139919482,0.15822507091502627
2200,5.359528295502596,8.27030586723477,0.1844227674717347,0.3537306250453481
2201,5.135219759126328,4.304541950858959,0.2031571149880296,0.14049103798689766
2202,5.892684428093825,0.5160908106212103,0.3349978446174326,0.03516589517514865
2203,5.203811853606719,0.7342741543228742,0.28134479741988694,0.03950315532458326
2204,4.817691618589991,1.577264565004868,0.23262531126937622,0.050895596798480255
2205,5.851240572010279,14.098881699139058,0.23420875688841392,0.7164263924663071
2206,5.041331464936337,5.5616887618049455,0.15831168702735443,0.2009735162589726
2207,5.936048626296297,2.9409414460569407,0.2867437791355268,0.09029996955411396
2208,7.565712441115515,15.101002548665297,0.37724180184688794,0.7662773102680135
2209,5.830993920628903,0.6278158214082462,0.1917540065374221,0.03785027383719301
2210,5.455277119218432,3.6758400030540144,0.22899898167262375,0.1280027280239849
2211,6.746301567287096,1.4699325210949747,0.3349495238513352,0.04938802626041701
2212,6.65002029111169,0.42778484164937375,0.35646902268848385,0.03316274964661978
2213,5.954860794874366,0.5249185226837702,0.365777348458529,0.03540307738166713
2214,5.953464726861438,6.215525561442971,0.1731318730695167,0.25762757946759374
2215,5.6274270020973995,5.044291798106465,0.27622594513562343,0.16929765699552649
2216,7.212425296859297,12.993180056051001,0.36516589694537055,0.6504913656573443
2217,6.269729010844681,3.5504931990445923,0.29001809738063367,0.1254052291346612
2218,6.058705365797487,11.788415981803013,0.3365311297924643,0.5923576974444408
2219,4.742650415465994,10.24019222810962,0.16262565952962274,0.4946359050552915
2220,6.090642678763097,3.558355722498097,0.2620714506690051,0.1255800291207463
2221,7.306756441331378,4.800012358042425,0.3550451420696024,0.16406160951543483
2222,6.06567307213622,2.2560595614650754,0.2549780864895817,0.08078679614092588
2223,5.010155292184873,9.50734634854225,0.24895824501243227,0.4434512535588737
2224,4.729651281890722,5.47492444531902,0.2559516857390696,0.1990191260198905
2225,6.4571788145645135,7.102857769542345,0.3040737204582977,0.28595375649634885
2226,5.91360890842432,6.777467176614626,0.328955323070437,0.27432410224587006
2227,5.004992715881819,2.0253260818302508,0.19878691508424215,0.07666701220612579
2228,6.1323269427902956,11.259310400563912,0.30629205592626724,0.566613534877288
2229,7.645031546792626,8.19577372048428,0.29183240022219215,0.3506843543358787
2230,4.982043430776767,1.1965974260816372,0.14627515194053892,0.04668467010912695
2231,6.05177380427362,6.2031497539816725,0.21675839685285422,0.2571679629650278
2232,6.009626006767518,8.251875599591179,0.33668708038655265,0.35297910319414666
2233,6.318356484454271,1.7579945633956544,0.2218358925897956,0.05362513144368031
2234,6.69321934662909,0.7065313242835543,0.32697018439810605,0.03906619935943421
2235,5.43723968133087,0.32984496826626447,0.2701232929817459,0.030614200039786266
2236,5.82824207586106,8.667255918093476,0.25165545884494867,0.3695925263415701
2237,7.076828982239334,10.817839341248684,0.1762110097217112,0.5200589332794482
2238,5.859270690080534,8.343059742540664,0.27884950752179377,0.35668541072262205
2239,5.37950990212244,0.8561199691908928,0.2226420017947759,0.04146314979795912
2240,5.805639524360459,6.382749640260037,0.2537912306320925,0.263852092828366
2241,4.6272661938436075,4.605418438734326,0.2792831021759614,0.15968915857137103
2242,6.682318440606826,11.44084134908462,0.32728020321540013,0.5754800078618546
2243,6.891658739293465,2.2263298670646026,0.3075327034289302,0.0802823607393552
2244,5.274023632606381,0.3432017681934064,0.3143390779070369,0.03118035687037807
2245,6.636209307663807,1.8218382802105684,0.2502090193062195,0.05442841972787853
2246,5.684762966583798,12.250790975100626,0.21593707106329643,0.6147480579139336
2247,6.703172887848932,8.960870452780542,0.3017802452533204,0.37896653648433704
2248,4.34499169714458,4.236535670835136,0.21121269024876962,0.13910377490413353
2249,6.133581574732246,12.282731582069,0.2526390272607812,0.6162908756281685
2250,6.442417704556063,1.2703136801440522,0.31183120283227855,0.047928672263188137
2251,5.9142996104707555,3.830005074133204,0.22423262433752092,0.1307746584707399
2252,4.240750935436492,0.513134895096801,0.16991836915076333,0.0350857826401508
2253,5.785673898450722,4.6173286543575545,0.27982136386217044,0.15996157329701258
2254,5.72196799956153,14.052602033143367,0.3737333733623019,0.7141071363953547
2255,6.291827132491746,1.4789026212160596,0.21855010436730501,0.049538041821863166
2256,5.581349979103175,3.3960652997815215,0.38224308892975417,0.09467679997861292
2257,5.202319019608084,2.1657469834599845,0.11097866735825701,0.07914063101127483
2258,5.892524554672673,11.437921544017826,0.39295141927267585,0.5753375884433266
2259,5.246960218307294,7.7102290948922,0.2751657442767779,0.3254498414918577
2260,7.057414366223777,3.8193553933855147,0.22979413047815245,0.13054496950290737
2261,5.97106241433714,1.051436275645079,0.3068339498382651,0.043527177447529375
2262,5.071289048151167,4.747159621817546,0.1729169640938447,0.16289097160376634
2263,5.206367808751131,2.4496167378887095,0.1586248069518354,0.08414774098602332
2264,6.109140786614053,2.1112395782883433,0.3169238443280859,0.0780840394760256
2265,5.102822568902929,1.6738716310225117,0.2490774790285423,0.05238423170256261
2266,6.392590036521817,1.5519151864530816,0.3650432026026604,0.05055854660081108
2267,6.094175853721348,6.012156434307971,0.36936376202526755,0.2237213690777932
2268,6.496450141728219,4.296200146045504,0.34345310265097145,0.14032160047933814
2269,5.739640676115218,1.9448565268711877,0.28811672865181753,0.07498725437215381
2270,6.829996795751332,12.720369511707048,0.23024634884709194,0.637383642186134
2271,4.8063539417215,1.507572338122609,0.20248534078542715,0.05001317344950934
2272,6.241187831986488,4.28781007617679,0.3016755355383611,0.14015097456117742
2273,5.152611803533241,11.578424176613431,0.22332315246496953,0.5821842066101311
2274,5.821040328684127,5.238810369103012,0.22035780022354412,0.1928267864505567
2275,5.6913314851966605,18.087581775978904,0.2753157026558536,0.9671709649716896
2276,6.544218993647362,19.40525805189944,0.267798907335077,1.092342210647052
2277,4.475768446380387,0.6703885516842082,0.20151707164715535,0.03824805363162123
2278,5.919302133941211,1.5186378026492569,0.17346653976388252,0.050194791575553725
2279,6.290610476379808,2.183125070723981,0.4276972276418602,0.07947172556352976
2280,5.944499286369723,2.602966118074872,0.19828598092060648,0.08564400675276403
2281,6.1291548418069635,21.0704731680367,0.29851694341489876,1.2013360689102273
2282,5.01663709956791,1.7371649624582721,0.19212612071330507,0.05332278135657938
2283,5.191076218827563,1.6807510362124867,0.2731302353450776,0.05248773897756185
2284,6.7530916221520965,10.961808314133492,0.3564246886514306,0.5445027049896152
2285,8.796124128925422,7.934172305572084,0.47987746070870496,0.3398606413669933
2286,6.0467665663570545,4.1016041978560205,0.22610041322971527,0.1363964112031262
2287,5.507956112638271,14.25588495337362,0.2762352711106065,0.7242858173246668
2288,5.351001239122874,0.6021965668117514,0.33483964299434393,0.03737625774331951
2289,6.022109736951594,9.031483155074604,0.18794733409770983,0.38161668349230077
2290,7.007120242763074,4.245852525184829,0.3187591634027815,0.1392946177797775
2291,4.224782496679767,0.620614851658187,0.1951681091539593,0.037676196510143006
2292,5.05815299532319,10.260923359854335,0.20010728820188864,0.49557308475537215
2293,4.847827364018905,14.274332259083247,0.16485368925547705,0.7252083295908979
2294,5.822700697193185,0.6094029670043906,0.19979354743841146,0.03740884198527083
2295,6.097761671411345,7.09118402877768,0.287780216183806,0.28551631633901925
2296,5.541713678662471,0.8570112750587339,0.2053040532109461,0.04148353894157201
2297,5.4170867578350705,1.006998057967385,0.22381103933343002,0.042582327639274074
2298,5.749257331959769,4.552190166236412,0.1718474311797559,0.15846447385880066
2299,5.301800921562864,0.36855953318527607,0.18727109279924084,0.032377371798979
2300,5.766151472225012,0.7242779749096416,0.29181534538980153,0.039281721954422776
2301,7.855872625959806,7.797491127447953,0.29458831749756076,0.3289980687451575
2302,3.4397803831008353,2.4592016056744854,0.17402680905654383,0.08430588059535599
2303,5.71268564383354,15.914368022168748,0.33130080809095747,0.8109485189105868
2304,5.001334875872984,7.157252495055718,0.2659545306316206,0.2879934177670454
2305,6.851114752962487,4.944110840326343,0.39269970260076525,0.16718566310462374
2306,5.037639618565202,1.4683641170322828,0.26530504399508664,0.04936172976887994
2307,6.518633281817069,1.0305701771081943,0.28680897947434786,0.04308069884435041
2308,4.491024856890506,6.171883258149062,0.20995890044373003,0.25600732502097157
2309,6.053264054003596,4.269251057829032,0.26699771984919,0.13977281216552198
2310,5.678819256438541,14.60167081575488,0.28313723636989757,0.741539503161207
2311,5.676563607963914,1.8895878075309618,0.2683508176876359,0.07379426663812569
2312,5.669360003385889,6.131447873919966,0.2635256660846182,0.22694677557276577
2313,6.044658121632196,3.7632928086168422,0.21218117658484648,0.12933195911702486
2314,6.492711205832475,1.184164124150996,0.30337727175305573,0.04641514051322391
2315,5.899029383374571,19.026223622411294,0.26497526333653,1.0716737881790042
2316,5.8429509622529325,2.4594053561250564,0.23772380611997682,0.08430923407297455
2317,6.924982682934531,1.6211887488920231,0.3039305943643585,0.051579053990337305
2318,5.087273726223372,1.7959031107722647,0.25879016113189557,0.05406669948914182
2319,7.284593977947934,6.005186933229166,0.3060854427530795,0.22351851183510513
2320,6.292658586764932,3.3401778375077362,0.3016741004117643,0.09402683322457564
2321,6.5187012722386735,10.39527778884096,0.2495970843360179,0.5016226661179242
2322,6.182729750046865,1.8742326570653183,0.33936040941157813,0.07345712852605531
2323,6.2762250866354865,3.597418569089443,0.20772279174196914,0.12627677531185028
2324,5.049304553187034,8.511643122339802,0.2239858424644943,0.36345300561042676
2325,4.930132571723901,0.6658208343428914,0.25830471409574524,0.03814448157342853
2326,4.258878704543793,6.295230096603139,0.160995818860847,0.2605909200288431
2327,5.9546747406105345,1.1676105036970241,0.3104916270155541,0.04605527811066443
2328,6.711589718017233,11.591855908394432,0.2820990203434544,0.5828380338715516
2329,4.976422341034447,2.36251649597768,0.22024064666556903,0.0826759214747631
2330,4.9199015094867375,4.959559286128305,0.23177110959784333,0.16751458290659493
2331,5.193867947732902,2.9902429214869977,0.2748205402979836,0.09094881001337643
2332,5.462291272689549,17.628471019974267,0.17101611829177463,0.9440263668707044
2333,4.339316711678684,4.582404412100487,0.1353761497836499,0.15916108498845444
2334,4.218082672917595,0.5760752025311934,0.18702788675285772,0.03672490728931824
2335,6.6140821929526075,5.424038364031509,0.3315781708498616,0.19770438080733968
2336,4.547478963884857,4.69667686555831,0.26409043511722313,0.1617608281251832
2337,8.012873889184567,4.971904262940205,0.37769732891881613,0.16777657898305604
2338,5.165990227859685,3.6397299262189127,0.21426514599255794,0.12720956087881222
2339,6.947872973455849,9.456421428525552,0.4226995022157853,0.44118116507463795
2340,4.714859996718963,0.7311681604743173,0.20724870169020557,0.039434282743471126
2341,5.463221890822294,3.8978836435770745,0.2481708657349195,0.13223301666580414
2342,7.582979776785261,7.252789043671803,0.3338822819468153,0.29158036128530374
2343,7.16222364069114,8.083941699440235,0.2537823987304394,0.34608031822631835
2344,5.442438919541418,1.096282657839824,0.26356990269637276,0.04449890361451303
2345,4.59161311489498,6.531241604021159,0.2806013058791304,0.26814430852410026
2346,5.990858851488142,2.1374578323216054,0.3010473736043973,0.07859529268746779
2347,6.52363084896002,10.283649441513015,0.18906275927690788,0.49659928223298516
2348,6.417017159042948,1.2657663288207064,0.2545908972050332,0.04783508606921211
2349,4.735220694182632,18.754923354767516,0.12384058967259243,1.0566567146865598
2350,4.086658719023814,8.810704416486825,0.14205304503062288,0.37515277010939413
2351,5.742045501880651,1.6820645091592528,0.35708699684807166,0.05250745781201081
2352,6.021036348983893,6.3903170998291605,0.20090930046546013,0.26413446463453644
2353,4.912305625567368,1.2708920684767464,0.2603956450203447,0.047940564288266437
2354,4.745874993397094,3.533220889199414,0.21576210382443564,0.12505721428164793
2355,5.454389010250817,2.2570335148642617,0.21300551266896087,0.08080454926537728
2356,5.205165241797996,6.341633678481407,0.2893283401654833,0.26231900524367946
2357,8.762726177667416,11.274104944875095,0.4099649924405861,0.5673370783496231
2358,4.92990157714124,1.4356474819854947,0.2568179885490098,0.048864244905235554
2359,4.957308466800813,3.1435781121007094,0.19221451273214318,0.09237281979689048
2360,7.108317465657073,2.621439906830618,0.3652794165754735,0.0859262671698021
2361,4.986935920305991,12.905302853133584,0.21835456655605298,0.6462726926783525
2362,4.761454487311574,4.049855998271605,0.17717122912872327,0.1353967187303687
2363,5.2484200393824425,1.8010889973871136,0.21510398093952598,0.05413943797667195
2364,4.630492174764687,20.736769596542665,0.19582304623970057,1.1826479779469743
2365,4.375982866688568,2.8074705474704555,0.1565792833321231,0.0886396312798071
2366,3.8173761411713185,1.4630797947785945,0.18373272446689623,0.049332811990489236
2367,5.983882815192906,11.276996735590483,0.2171031247125169,0.5674784845120956
2368,6.033543828148196,2.969658573748924,0.24770014325881134,0.0906792462727124
2369,6.903992968483034,4.7157737294183315,0.26715486170703057,0.16218970304420008
2370,5.675987763027535,1.1237822284113153,0.22564376541699097,0.04509900611869385
2371,4.115155019667566,2.465110349465766,0.22090183279800954,0.08440299346360472
2372,6.847238521169362,5.729382195409771,0.37623285681036744,0.2051741443602594
2373,4.870360952014299,1.1924868789320453,0.14757665368348624,0.04659564860105368
2374,6.596205027070308,6.005269338749476,0.33058401040836405,0.22352091061432047
2375,7.270003150857934,11.912867260135368,0.31951381277578855,0.598395190468818
2376,5.4862736457848955,2.6013921400543514,0.22023140230025792,0.08561984430110456
2377,5.170478254385922,1.4496388308353534,0.35317636279336523,0.049103985462108424
2378,3.578587882090284,0.5431669083688195,0.13144776140777842,0.03588413632681741
2379,5.280804708246235,1.1074792820141308,0.12677687844513194,0.04474305648787903
2380,5.982224260379536,10.208409649479995,0.1599171041757299,0.49319712777671626
2381,5.49456759037941,1.8128429005185323,0.24125477408910137,0.05430354016259337
2382,5.8151355081363185,0.7410506140381803,0.26036499092364046,0.039653672942793546
2383,5.362641366320815,9.513083939839689,0.3094160081628373,0.44370645337924425
2384,7.686286053409401,9.688021226638726,0.3543747382308687,0.44908357204828997
2385,6.846469527097077,2.7540716616317,0.2809495195947119,0.08788368131534002
2386,5.907129676767725,2.0831544421142003,0.2583028045067854,0.07783413102560682
2387,5.3252982568261755,0.44344365449035206,0.30795335079462427,0.033674910637027856
2388,5.571804429800522,3.7517083397429474,0.3168124263973076,0.12908050522545422
2389,4.974942102145607,0.5447705780336413,0.2560475207680653,0.03592585703433894
2390,6.715284117204586,19.444887695933453,0.33255029088722393,1.0945227599964364
2391,5.231867198894475,1.8449770590811714,0.19706498754163435,0.07280790483832825
2392,5.876621835346685,12.49449683643278,0.2774526888490904,0.626507984872577
2393,7.724910077158931,9.91727315282193,0.37902451396544995,0.4798963605649287
2394,6.798484486048342,2.286375923699533,0.3719829343310461,0.08133527123091316
2395,5.2181562800122245,11.824312684253652,0.29708627623785416,0.5941000435956373
2396,3.5490167373531567,4.4469180642110935,0.18868268874302452,0.14334979023442462
2397,4.981226475577722,13.38278985885842,0.20423095955046017,0.6691446925406698
2398,5.845963152461425,10.187035057375596,0.23707043784850215,0.49222813034728424
2399,4.749994183800346,1.4884490877686076,0.15020670953403428,0.049696985175988855
2400,4.662680343021151,14.593071587112323,0.23489036132651822,0.741111500208702
2401,5.953070864722778,2.2573593656264763,0.30805501241652705,0.08081048686406489
2402,7.142124724198986,7.997358334171538,0.28632770996177576,0.3424914146680927
2403,6.377469077165104,1.8055427156487194,0.26697206443222465,0.05420174259429313
2404,5.974243969094824,2.3240282886341794,0.23145347995354293,0.08200473949116688
2405,6.493064309575567,0.4150334776800903,0.34617332053558675,0.03274133339954982
2406,8.186909081554678,4.532324428926143,0.3864294396251753,0.15800443871043177
2407,8.091135144830178,1.7232233475487062,0.34150158711373746,0.05311848443135283
2408,5.022194752676551,0.7509203062895777,0.24920941147496792,0.0398736366594399
2409,6.282940540438523,0.4504372744506566,0.3377869667899012,0.03390051213526041
2410,5.279538644058999,1.8179503415619649,0.2240729468182703,0.05437452011262064
2411,6.67509826175721,7.338708421780017,0.32630083161901924,0.29480959203173235
2412,4.0843315668607065,10.96866533515988,0.2026928044971937,0.5448278728079486
2413,4.04452659823008,5.276043805932081,0.2604103005572846,0.1938189264295849
2414,5.925055700504848,1.4705753858288837,0.24542987355945056,0.04939879906076358
2415,4.335691029891127,0.31411342505682044,0.17208135333958954,0.030038394274074023
2416,6.614479962674065,5.121928424287687,0.23097319235000743,0.18967409191936266
2417,6.10455993786359,2.9399580229692286,0.2561687048516819,0.09028691327986008
2418,7.737936273945214,3.3918980756699098,0.3297640063884421,0.09462866891541177
2419,4.420860234726731,11.642420740543427,0.10561795231722612,0.585298376329947
2420,5.448466555704388,0.5596451501164189,0.3001295116784962,0.03630896931305186
2421,5.028281963002655,1.11915864726515,0.19071316976078415,0.04499802709142916
2422,7.460613348046511,5.99735833792238,0.2495460489852158,0.2232905980372555
2423,4.631617021043952,0.3153045327551999,0.1572408055355337,0.030079879515554967
2424,5.194214739872716,3.834980264372587,0.20544346205322425,0.13088188061150227
2425,5.10310918593289,0.8821362893135388,0.31271710704953,0.042064680699283735
2426,5.23303267017912,8.43534411765961,0.287503437158571,0.36040443920985304
2427,5.1675439562544,1.0424456012742802,0.23275087917281265,0.04333423778949968
2428,6.051675367458463,10.65487725882381,0.22940305697724617,0.5128616666393827
2429,4.949774817590738,5.183480622199142,0.2924455921062344,0.19134156461468735
2430,4.276322056321822,13.473937348570841,0.12400489149160718,0.6734951026942023
2431,4.93656347828606,1.0395517502826175,0.25035458926200327,0.04327231270354514
2432,6.091780590001245,1.6799233228734187,0.2742433580238321,0.05247530554662533
2433,8.11782073529444,4.883347967650418,0.38015389210242034,0.16588057467859066
2434,6.228229028650977,1.452410574816399,0.3396556310146492,0.049151292050259816
2435,7.34159369226242,3.719516194307829,0.3896877922317143,0.12838030418848548
2436,5.390257468121525,1.6565207838544398,0.21355474550849854,0.052121463458068486
2437,5.518561439186845,2.9450622068547574,0.20962785614782073,0.09035462400795155
2438,5.087293349236919,7.165130317464021,0.3322441097796308,0.2882889896815581
2439,5.555424943678507,4.05131814182721,0.2366451231441513,0.13542749775963198
2440,6.020160512738726,13.968624794818323,0.34291673757123736,0.7098960353890021
2441,6.524455386588868,7.0438800626267755,0.3550366748653206,0.283744912090521
2442,7.394990612901206,2.0440518252962128,0.27309082016188085,0.0770482465330963
2443,5.8084020391354185,9.050450710403911,0.26124336552687094,0.3823241811926074
2444,4.057895940932825,1.8677644391390653,0.12947154186516383,0.07331437173084378
2445,7.259153544221591,17.911611739351052,0.28775252411329055,0.958319279957835
2446,4.667682094805779,0.7126686614563774,0.2490840647818044,0.03920536326833682
2447,5.725469235238972,3.193993205402631,0.2747926378983932,0.09281533484957219
2448,6.043540377417978,1.8285275622815966,0.21611521057588287,0.05452088808557296
2449,6.326901762406224,6.5062764574546215,0.2519779247285533,0.2672137542708316
2450,4.299391959597749,11.397074387290695,0.23934158492796156,0.5733445451116442
2451,5.303984641433387,16.96106706663882,0.2940480117734406,0.8734649505685338
2452,5.823075789337046,3.052211494963215,0.27457846540411157,0.09174827815008603
2453,5.294714133767063,6.016328674424427,0.2317613566428791,0.22384278791999299
2454,5.1375267629657335,14.978667567436585,0.3034672551421509,0.760239287186886
2455,6.767010474422435,4.6150585589496265,0.3083424930826972,0.15990969720304668
2456,6.5207667272689,1.0007769634653778,0.31060803641566664,0.04245196057716908
2457,5.41667646235816,10.041909787624983,0.16671312846998063,0.48561834980750385
2458,6.507335059198047,19.48386363541919,0.28607644020517575,1.096666470970646
2459,7.731145986013583,0.304412752120366,0.4015741889485844,0.029708864096527655
2460,5.003331413977368,5.205842914463321,0.21351359889585383,0.19194340212579267
2461,4.994000620137277,10.457878626376688,0.22565936801675457,0.5040911530912685
2462,4.65917623373864,7.28088491044973,0.2142893712885262,0.29263607169769584
2463,4.703748369780761,11.602196929698518,0.22629910513846238,0.5833413322758453
2464,5.688446428860719,7.415790788081151,0.2088274672608817,0.29770781269175534
2465,5.636087737439526,1.9258432580322158,0.20900580528050167,0.07458046811854352
2466,6.3411409343144545,3.7953332229256773,0.31158154118090803,0.1300260016727078
2467,6.433728909478521,13.443814812835672,0.20939456680003973,0.6720580044362898
2468,7.2062328293392275,1.1433516020501941,0.31083278192581976,0.04552636697588805
2469,5.861172217789002,0.732542990768915,0.15842565458048277,0.03946475996478512
2470,6.2197350564033105,1.6748256594888984,0.28996340962195144,0.052398608914726766
2471,6.045771446047428,8.291660202074691,0.23814897927428166,0.3545998864100345
2472,6.369607895879534,0.5748757289194599,0.35849536499214457,0.036694770117771044
2473,6.329553082674888,9.810506621626969,0.3042342883598126,0.47495877741814246
2474,7.473067929684693,17.147378375528397,0.31522447152922467,0.9195803255513659
2475,5.256835065816376,1.5954205093288536,0.3085072901053521,0.051179288735673116
2476,4.187719795923873,11.217265035299071,0.22895051532277114,0.5645563126134816
2477,4.2568505875885,5.000113058882154,0.24443804067245303,0.1683724215675542
2478,5.183241014812958,1.7026169590888522,0.2627734892138783,0.05281418955630646
2479,6.676927301190995,8.374248199264228,0.2587267375375738,0.3579460571106951
2480,6.097163468677107,1.9209987600494434,0.39400523333279724,0.07447621405460197
2481,5.746449421916982,12.265053859224949,0.16404712528161938,0.6154370521288494
2482,5.397501560409615,3.4051037234033545,0.2896981831392185,0.09478101440348222
2483,4.979267060858797,6.972317016958042,0.222102854535266,0.28106900363659176
2484,6.302269815726334,10.064645075907942,0.33547602515446595,0.48665747532928255
2485,4.474142260845697,1.4231227301729157,0.14625602734121196,0.048648295558731125
2486,5.699641767607279,0.5319432105003864,0.30094539150030486,0.035589680734335494
2487,5.74046118133308,5.853599973787456,0.14944458765691607,0.2169279362677267
2488,5.114887320348049,2.9022856840753772,0.3003637369448167,0.08978294284330823
2489,4.744619230285052,0.8245030099287415,0.22568435430230183,0.04076498128738061
2490,4.75039454766392,1.513189936700615,0.2074107796174204,0.05010549819447317
2491,7.466179778708192,6.219465510127879,0.43202568437880867,0.2577739293172879
2492,6.4312460095784685,4.209037898855661,0.24955790839023254,0.1385391011785896
2493,4.639673563199865,1.0926587677786088,0.2665858802835871,0.04441996832860916
2494,5.784773701053616,3.983903147011915,0.26771336091121917,0.1340030781752412
2495,5.606975387316587,9.844262279912998,0.2889315107903018,0.4765235894939587
2496,7.4726140042679985,10.84565454640114,0.27749586123559583,0.5389853229710654
2497,5.3128660488042145,19.566633641445218,0.28633906509465484,1.1012160031538478
2498,5.8254665957693055,1.8363411342456661,0.2916063467070293,0.07261451581415232
2499,4.551704479082311,2.006891792827155,0.2635117487630078,0.07628816559796965
2500,4.113424213860573,5.778861415800037,0.180619321950276,0.2148048120856822
2501,5.8128930861348005,1.057267292124184,0.2877455920877437,0.04365272892117201
2502,5.571289345929071,3.794753499405154,0.2905508268295956,0.13001346274975065
2503,5.601703477093786,1.8173830296439006,0.15401086611120038,0.05436664573954691
2504,6.458983390957365,4.752666371844685,0.38379181833942905,0.1630135461473066
2505,6.56806497912629,10.623362862440377,0.3248164404732936,0.5114638988426549
2506,6.020221432381198,7.308490043269665,0.29496307790551174,0.2936736084856479
2507,7.244283683909946,9.836106358896732,0.331156954968094,0.47614582586924137
2508,5.434226757382723,3.8543870250708765,0.22691882938357041,0.1312996258824785
2509,6.868277639774705,9.252251891065526,0.25142214211821967,0.3897364740666357
2510,6.208535817234998,9.322752035764418,0.2914508954695879,0.3922768492870176
2511,6.137652676582134,4.135959308635682,0.203400516278708,0.13711233556479793
2512,6.227757380527599,2.2737919789330143,0.3338761202602,0.08110863846689306
2513,5.342951977186938,2.6805527479894233,0.23625154705694568,0.08681329685374571
2514,5.128678216613451,3.6581406558646172,0.24459426827693717,0.12761429108652037
2515,5.852867382644136,7.71708057960592,0.2865140282136536,0.325728879487732
2516,5.5291221074092665,5.677870939040644,0.25359565957734115,0.20389531412909248
2517,3.7254024155068337,9.159007876850895,0.19550371812091985,0.38633765225464256
2518,6.691334117496942,18.702075684360388,0.27310991507344223,1.0537270829072325
2519,5.212177232811996,5.371822878783893,0.18080373985170486,0.1963440635694103
2520,6.11065686467372,17.491883051371723,0.26147481434095027,0.9371074982495841
2521,6.545949547341744,12.106176435737638,0.34980456250384456,0.607756770868867
2522,4.74898002605263,9.31139456535882,0.23806815996060374,0.39186929059920833
2523,5.622042167060855,10.77482947598444,0.32804164580974454,0.5181642936060955
2524,4.100314281671457,0.6810371206752031,0.22315932052123005,0.03848919222031289
2525,5.8272679700138434,1.5132415406321327,0.28291692155071946,0.05010634512691296
2526,8.273383955326118,9.311227552329838,0.5154071079964446,0.3918632925760403
2527,6.677136403231655,5.630412776516252,0.2252314873037555,0.20270817925674176
2528,4.70847894316248,1.2913390654713628,0.17828839057437887,0.048359295976422995
2529,6.555636661803811,9.050578368926914,0.30737150798919305,0.38232893662164874
2530,3.948363466727504,3.1779387384026374,0.21403307627847243,0.09265741407234687
2531,4.838519641465575,1.9634694757383853,0.2214148660021046,0.07538180308789608
2532,4.922364433788711,16.81900983786953,0.230321089586787,0.866452272029692
2533,5.964740185151779,7.196673407993473,0.3265206842049387,0.2894728653946976
2534,4.354720806502158,1.184183325788268,0.22410015250810994,0.046415557318392205
2535,4.371747199636961,1.4848273990089371,0.18356065830625526,0.04963677237043839
2536,6.275030980542584,9.26322098323769,0.21269647806488431,0.39013338205823195
2537,5.838254211693303,0.43086508937418255,0.24667107306755595,0.03326370599020397
2538,6.159451457423967,10.989851447154455,0.2166592526770777,0.5534036293239026
2539,5.841087028337474,0.4052376323093128,0.2970104007206999,0.032414687475919274
2540,6.418024763966224,3.174340772397289,0.27896549221838435,0.09261325175789396
2541,5.470589914197047,12.070991454748622,0.23259451956317542,0.6060542475752994
2542,6.0909717853950225,3.130543723232279,0.327106483246329,0.09221082152931787
2543,7.7820189972060465,3.1929191682587574,0.32987392154050504,0.09280222363086757
2544,5.560332242983801,3.385075846223445,0.2810964494793153,0.09454975945577543
2545,5.871052034418761,1.849171865258407,0.19337971125382128,0.07290155796238744
2546,6.630986778783896,8.631663079953384,0.2552858133633975,0.36819781019669345
2547,6.898128744524037,1.7005533211813442,0.32955449485390814,0.05278354506812173
2548,5.9038996573428095,9.469786127493068,0.28246458339083974,0.4417778001645271
2549,5.303410014064472,14.537375878227003,0.27655386086539946,0.7383379751354137
2550,5.0446164497099755,0.6092282657426051,0.2627860954527907,0.03740466421246375
2551,6.312196955100231,0.3617989705684118,0.2661216480576423,0.03203781926977776
2552,6.852117519980428,8.990760157706651,0.33974355099145676,0.380091441296912
2553,5.155867839797148,9.297491610146345,0.3323081712036031,0.39136950715907964
2554,4.8042744381531985,1.5774697977465957,0.26559294189792476,0.0508988180456552
2555,4.6168209989662845,2.1569765409039503,0.3056145804990375,0.07897240673380135
2556,6.4763982079809725,1.4623020274765786,0.3347840140065363,0.04931961041040123
2557,5.877520827061713,1.1293670568121972,0.2494512978433698,0.0452209880721091
2558,6.114098564359608,2.0085638974093185,0.2503704456092125,0.07632267482092223
2559,5.334827594124415,0.6735567301845041,0.21124205865498616,0.03831983647153944
2560,3.7697540922919477,3.024155006463912,0.19128167134783985,0.09138844794442323
2561,6.710730879156526,9.401255964995443,0.36003670683402095,0.3950764434967789
2562,5.2451936160163966,7.74569551891815,0.3195122524082047,0.32689349209680546
2563,5.911547783636814,2.1674913478089546,0.3008271857357421,0.07917399907593314
2564,4.962106560328597,2.263379765596332,0.31099184199808516,0.0809200115652389
2565,5.473618270917968,14.075097554194475,0.3328801638718075,0.715234611178589
2566,5.753071398545431,7.110537762388324,0.31391107044692307,0.2862416016833959
2567,5.029543647710937,2.044518446067135,0.28664640754663623,0.07705770017348013
2568,6.05211939436117,2.1490555528071074,0.2810828907275553,0.0788198232549315
2569,5.242999457024857,0.7570849885168242,0.15671751674812018,0.04001154969249354
2570,5.537345188812627,2.7218805995108055,0.33198993280606354,0.08741934123821465
2571,5.386769019614252,1.0004926114213806,0.3153386084061011,0.042446013795430004
2572,5.984641383360384,1.0223347038504365,0.2799047836065494,0.04290581312391085
2573,6.329992537350196,0.7856093612646797,0.31752167825597083,0.04036998344896927
2574,5.995015713752394,1.121668398086901,0.23277784824513525,0.045052838471673996
2575,4.664947762680887,2.195484223426318,0.2681012282549427,0.07970540286425085
2576,6.118823104138644,1.0337672725556546,0.39016054761598323,0.04314880297668713
2577,6.963135763060095,3.014157182671338,0.29503684731008134,0.09125940190097637
2578,5.687070042248006,4.320379868714462,0.15605943507486106,0.14081216282048056
2579,7.1349603819469385,5.472009842678696,0.31898018809389356,0.19894411052776975
2580,5.043221046825946,0.5540118890338334,0.21314160978867516,0.036164669769907176
2581,3.098778988955632,0.6838352859550841,0.11885068049183314,0.03855251060639056
2582,6.447952909855399,3.0572503832214153,0.17415529544811478,0.09181259497648825
2583,3.4338485076335377,0.7789561607803572,0.1441652174610399,0.04022322885873967
2584,6.5769093387080835,0.6254038770866328,0.3807644797525006,0.03779202173759098
2585,7.3829088021263,20.7117759754031,0.44590963573487696,1.1812458922470497
2586,3.709726123880811,1.9857206683687574,0.14537426401074074,0.07584871477931572
2587,5.223389191037472,1.1165282728459625,0.20560525366218826,0.04494058718911255
2588,5.927927269196075,8.927423029479618,0.14568387811144995,0.3777023322844399
2589,5.0839557551480965,3.4581649163886765,0.2689655145601507,0.095385835683988
2590,4.796124559167569,16.601519460696615,0.22106662564006252,0.8443579797655797
2591,5.902567998989435,1.0982082589247175,0.3020000279427918,0.04454086624913192
2592,5.1739985542670865,1.2096672619894424,0.25144608028744125,0.04696701601631127
2593,5.283010714427317,13.739489484261256,0.30312506387470733,0.686134796819574
2594,5.173225514408117,18.315497472593286,0.18038462517692164,1.0060267442546844
2595,6.16303613055056,16.437118963544776,0.3647227038361088,0.8364231005506659
2596,6.582690737564483,17.040508948695322,0.3221277416764686,0.9141193480701154
2597,5.8688532824914805,0.3315357738970619,0.2792221057793045,0.030683719217852616
2598,8.409072158212467,9.026709703144459,0.4603560609899195,0.3814383396641938
2599,5.360076518271656,0.625731538259648,0.21921616209986242,0.03779993830632154
2600,4.52860485915286,2.995770077774068,0.1528884667922671,0.09102083880989251
2601,6.696883691947131,3.490283973930693,0.3658029490156787,0.12433816737895907
2602,4.128318121519264,1.8192064658074751,0.15111412528907864,0.05439194663021546
2603,6.694016591522188,7.001998123126749,0.2852625074863105,0.2821782427356912
2604,6.387536985652244,1.518664244483166,0.38699833700797487,0.05019522439055462
2605,5.460930537744116,4.415312391250594,0.18632314887855925,0.14272076029599826
2606,5.442949401111012,2.298645219075069,0.14639398404212,0.08155483773627997
2607,5.390422100292967,5.938431070299151,0.2458127239856881,0.22157314510243972
2608,4.7154248898445,4.987306206566243,0.1935995900077867,0.16810239625588513
2609,5.229490681245387,1.0524501342984653,0.17922835921047384,0.04354898492697703
2610,5.35643069224002,5.1545084535230705,0.19488096863314455,0.19055868750325514
2611,6.121292165987965,1.1308836164614964,0.3124562201272065,0.04525411182611922
2612,4.989468525953922,2.938339788769476,0.17226285569793667,0.0902654181435684
2613,4.922251078172207,6.057263690435746,0.15897104123913028,0.22479360235833312
2614,8.059434544884773,10.235899499574861,0.3700567860012425,0.4944417181713963
2615,4.731959701433527,9.503267338860903,0.18926247749492328,0.443269755435964
2616,5.267360177593831,13.629940179019616,0.27351054570588695,0.6809271712768042
2617,4.385639277426611,7.50336783543812,0.1782034173554123,0.30099997361519965
2618,6.371761858011844,1.9942364675970627,0.37420210416631455,0.07602603934215019
2619,5.306703815848207,3.039439772877953,0.17619363399759494,0.09158483869758985
2620,5.001505263506387,3.042009186380214,0.1778705793245435,0.09161774746235701
2621,7.495140753087133,2.565442310759082,0.27566632327003143,0.08506303549535787
2622,7.96526012936791,3.3495066061914276,0.48337678187506616,0.09413601262832083
2623,4.047278633487069,9.267983593255327,0.20412034352832287,0.39030552296856025
2624,5.407185205988092,4.379932946936624,0.24146703944027414,0.14201277852893027
2625,6.3947894439951645,20.654420267808774,0.3135031285001917,1.1780271258359651
2626,4.940859438650165,12.327275087318142,0.2509183293986871,0.6184416638486993
2627,6.587540476681562,5.1045288526819865,0.34134949693131694,0.18919984308643042
2628,4.365420750778588,1.416830546749226,0.32015931115268254,0.04853932877768029
2629,4.707425438231897,2.661292177427932,0.3289443162308409,0.08652693534409825
2630,5.6591166440107505,1.0579058380840023,0.22944056700555604,0.04366649585929708
2631,5.444915922550606,1.4970154659373245,0.28693866361790193,0.04983898686653433
2632,5.278872642863643,9.748979724330518,0.32821418560019994,0.4517487803702777
2633,4.868568410476651,14.814322768046722,0.20858831902963937,0.7521036600047594
2634,6.459040941211819,8.068584386953255,0.30567848357939514,0.34544520876495594
2635,6.495039803482814,0.8205244981742648,0.2529543334572819,0.040678970850065
2636,5.1488909132184455,4.513256571862145,0.17570261162240522,0.15756140431084414
2637,5.535264070540051,12.533401460295607,0.25662966722962605,0.6283828470128127
2638,5.419744801022106,1.2122931984857952,0.2147250500528387,0.047023610599781676
2639,7.4436971687187485,1.6493883506648195,0.4411561351062863,0.05201274953381739
2640,5.566732718623649,14.926916329417379,0.2074452555342594,0.7576803126775075
2641,5.115533552522296,10.64462965612724,0.19139763273345142,0.5124073665476317
2642,4.974579583266635,10.804365974447517,0.19531195874506144,0.5194657863736433
2643,5.427519507891984,4.368237606431836,0.2593847969413801,0.14177786543911722
2644,5.8257630592637195,5.684047138046524,0.25688031924856475,0.20404917335983344
2645,5.158433869454329,12.805256338924233,0.2528497783407682,0.6414652331036582
2646,5.785119643349591,8.101307102636682,0.23840274622929242,0.3467976767410668
2647,4.85818716441032,2.6827317715303085,0.2570515021614958,0.08684553529258227
2648,7.199632153582195,4.757600013619329,0.38427541761319733,0.16312324512057538
2649,5.926271800192578,13.821942364284112,0.33146821432110807,0.6880241122715683
2650,6.063551827391176,7.958712990285939,0.31122406836130756,0.34088348909715194
2651,7.608302916744744,4.416386983127151,0.3245065841252587,0.14274220097527188
2652,5.881176438662516,1.0043924473107377,0.20637519156772213,0.04252766447561725
2653,3.6639472840242475,0.8754602588354629,0.15616244062797413,0.04190904044098623
2654,8.190106251492471,0.560311454244874,0.38920353945357467,0.03632597659912529
2655,5.262911523148305,0.7518942384360049,0.2644917920345159,0.03989539640115654
2656,4.751561019423559,2.454123909864259,0.25854474255161924,0.08422219824568183
2657,6.378019504318654,3.404448812910781,0.3450041104439855,0.09477347134406888
2658,5.395711173167771,0.7530630901893295,0.3203993753423799,0.03992152487599809
2659,5.056425991095189,1.5556881561240212,0.25344261548029373,0.050618765975342914
2660,6.295277743347701,3.4185712220291804,0.2506040920455576,0.0949358495733271
2661,5.629215337240845,12.08630822135856,0.25010388683193235,0.6067954673024752
2662,5.782911219402821,8.743556812153242,0.2905925442515024,0.3725623666518226
2663,7.611089936054122,16.87758609302228,0.4179327459691697,0.8693465693887042
2664,6.002300829620336,5.054498200115322,0.24084002405222657,0.16951003011318463
2665,4.3167570708966005,1.992688518810679,0.1016264032312485,0.07599386262522681
2666,5.919245684377944,9.869164656412327,0.29615530702557286,0.4776757596425147
2667,5.536101734542481,7.714035026763991,0.21462841802187435,0.32560485293113073
2668,6.152828866676619,7.889152501787003,0.28351174060895107,0.3327097482399913
2669,6.487960621269187,4.8305730344148,0.43351373972298096,0.16473251273497166
2670,5.345337276966745,0.7823396062276416,0.21992417827188213,0.040297787199984475
2671,6.516649480729201,1.6106183517667525,0.2510540204385897,0.051414892252338154
2672,4.660540635436408,16.526953795998224,0.14573668143459462,0.8407635219707037
2673,6.316776737475911,1.1180567829691106,0.3056820000653036,0.044973964669705255
2674,5.353739414756935,3.4514199572653017,0.22153070742398903,0.09530915419148688
2675,4.171276416603823,0.7057976900712574,0.1805737416899838,0.03904957586800792
2676,5.681212504682276,4.785038392164759,0.23848046237067697,0.16373127372516774
2677,6.772583147401451,3.5605892076061054,0.2939993332089465,0.1256296604230228
2678,4.786467457796742,1.772664515952066,0.2690113563438938,0.0538360153253404
2679,4.428749636674655,3.353391419351175,0.1519342479043568,0.09418139570602221
2680,4.187895077822508,1.552805146577617,0.24579625748349263,0.050572761100445424
2681,4.086776242687761,1.5894315882596843,0.18905266962254158,0.05108599537200759
2682,4.846185885179101,17.83613139859711,0.22097003066104037,0.9545152938870203
2683,5.632726402330385,10.28538272714506,0.20993170462951935,0.4966774992018595
2684,7.009433449853903,1.536687027866082,0.3386279785419142,0.05039870458187828
2685,3.569302475341231,0.5701633283878741,0.20404183936903122,0.03657603684667531
2686,4.092261557238663,1.1333958868324912,0.15423340979591502,0.04530898123536306
2687,6.382146577110505,0.4519979176127344,0.3724748031906989,0.03395053113617183
2688,4.6873532119103825,1.222592416876042,0.12833989484960748,0.047245138178646326
2689,5.235564213647858,2.002810672005449,0.21572060826092138,0.07620381655901053
2690,7.556157692041622,9.051929974019265,0.3860910178783614,0.3823792803303317
2691,6.253331557560759,5.137195297220223,0.3410491645667844,0.1900891657738691
2692,5.453040958596589,0.7363577381660313,0.3111082181122858,0.03954939643570393
2693,7.4265731404098405,14.915748138514754,0.3742942302197702,0.757127717185971
2694,6.455825427229255,8.335159373436223,0.27845603188750256,0.3563654903804447
2695,7.759304299247871,4.241503046868213,0.3697318702824195,0.13920555531720616
2696,6.444729424280751,5.225089530661266,0.2667213986642134,0.19245968853643167
2697,4.534857479863844,6.117945721280208,0.24320528761236587,0.22655512485533497
2698,4.841662010642055,5.740132459527305,0.24646703768072045,0.20543978409027042
2699,5.115365636245066,12.085301285692506,0.20351361787393174,0.6067467425419081
2700,5.341730106919141,7.894618866106222,0.23159018156297917,0.332930524609454
2701,4.393807183123333,7.651887217014237,0.24078214906077874,0.32307113647008306
2702,7.5171204010544095,6.868826628868612,0.28900806930500095,0.2777296310485957
2703,4.819548663828766,8.176684383676474,0.2253693597897428,0.3499011804423871
2704,6.891882747519026,1.4608075878713662,0.25776987199679685,0.04929423062273791
2705,6.2639641187779596,9.126768188665917,0.2971451666621466,0.38515207570541493
2706,5.787289379221282,3.239151954087134,0.250346470740463,0.09305964993163739
2707,5.501087076662507,8.092477268250466,0.18934124387401,0.34643302635075107
2708,6.574490621992503,19.726526780818723,0.2168998282034481,1.1099933336612344
2709,5.0852419845978565,13.448861935826582,0.14060821069932405,0.6722988387990568
2710,6.622153828685824,13.521698193511508,0.32014783494510635,0.675772376229926
2711,5.665747586539513,4.1499734134886666,0.3159935569163609,0.13740349887323086
2712,7.102438884173192,0.8688053535717556,0.39393306528599303,0.04175478106947715
2713,5.425162928700945,0.7264339035376528,0.2801856919677974,0.03932942778139299
2714,6.551335343094386,17.300193071608575,0.2479731591282097,0.9273690247432013
2715,4.433658012980299,5.417563858489347,0.20129828925235602,0.19753632714008706
2716,6.210810087450557,4.521060765645469,0.28638909425304443,0.15774290499260066
2717,4.27904617959554,7.084334427475828,0.16887776384092226,0.2852596988726804
2718,5.451853292862183,3.383524755494187,0.17929824218552912,0.09453179897348722
2719,7.784608848209868,5.15118980203568,0.42250689425444315,0.19046878563425565
2720,6.995674272505185,9.394995427870729,0.2965366851356936,0.39485429087636037
2721,5.495867717254117,7.049740543659518,0.28332073031813504,0.28396426441141065
2722,6.267243578144221,1.2813240493789033,0.2063509695813785,0.04815460829526114
2723,4.89530311379247,8.760733329867339,0.21616726177409848,0.3732270865935691
2724,5.779377359359585,11.14975363228962,0.30871435809994924,0.5612500695963795
2725,5.799703207564327,3.533166157474955,0.30309227620526996,0.1250559935983519
2726,5.183174575296296,3.0344181172258704,0.2021173089873465,0.09152043495293484
2727,5.9614206308484885,3.8271098165726882,0.14965422060053837,0.13071223788933914
2728,5.911785947310084,1.4998965786464102,0.1536397907713756,0.04988661351962534
2729,5.9888644208209,5.888864850450923,0.27492420094412356,0.2179261940769868
2730,5.194251855977397,15.886758066594098,0.2139797744991252,0.8041829951664853
2731,6.485333803789061,3.5402626830776893,0.3416797160751642,0.1252142147519761
2732,5.914102121651716,4.791566231084739,0.1911895591586895,0.16387541174666242
2733,5.437356114226103,1.640667462040925,0.21849655216490876,0.051879287057879
2734,6.652213379149845,4.421897767205741,0.272070749020979,0.1428520952695019
2735,6.095583331139479,0.6797422813732513,0.3051945080076282,0.03845988730527525
2736,8.488187528555162,4.054214140467056,0.4240039779375651,0.13548844497173781
2737,6.6258577365146065,1.0661805985941597,0.15978983305423367,0.04384518970408724
2738,4.4277744787230615,0.7773701959561724,0.21242156943773993,0.040188330214948706
2739,4.660894938628906,3.578765189478603,0.25870154250221894,0.12603316971081574
2740,4.014480329429202,18.558620112303803,0.11207719095676487,1.0457674281122329
2741,5.78643526498026,3.0640477425978383,0.1873568035240976,0.09189917805480458
2742,6.400545072030953,0.5998255954444365,0.3099877285666275,0.03731755079431687
2743,6.510178902080823,0.557721900421794,0.30405669625744697,0.036259807880031865
2744,5.851392224861059,11.415521607905191,0.24962993221012447,0.5742447836770878
2745,5.40050656871204,9.331771664239493,0.21663068521967085,0.39260005595767467
2746,7.213802679211917,9.456296192264208,0.3928142392511487,0.4411755712407425
2747,6.0770372291715695,0.5711495158202117,0.21748724471567302,0.036600929589221565
2748,5.066728441860505,17.24942974256199,0.19136271004530284,0.9247842645576447
2749,5.891530948556701,1.631394597150057,0.3102024547576674,0.05173672877033088
2750,6.683335920806552,4.21410529728745,0.316088753064751,0.138643319476314
2751,7.208133968135772,0.7777355119110854,0.30571159923152674,0.04019636610370606
2752,5.574025476079554,0.5284290725145043,0.2735034736607681,0.03549656172042152
2753,5.042588135982816,10.08495561116882,0.224977512366783,0.48758460845286383
2754,5.418484773298854,1.0166759512306733,0.2116932037408053,0.04278611646723751
2755,6.453035674801412,8.38808593664169,0.4271255658105675,0.35850418379609633
2756,4.748108609957372,0.4351336389300304,0.25909119530822106,0.03340390549026545
2757,3.8788777192146187,0.5223050942098327,0.20749058710553156,0.035333177713731775
2758,4.815791565603237,4.6349108960577,0.22617324011246537,0.16036261732960796
2759,5.7285388276479,11.433519755990531,0.14864145351255773,0.5751228708363546
2760,5.290622049358694,14.110912205147683,0.23513625141953134,0.7170291081733601
2761,5.7972220319544805,20.10265523020783,0.15989632087098218,1.1469768492409573
2762,4.909484524331049,0.5282488403601993,0.22604760623311146,0.035491773521187625
2763,6.385976534622308,13.460097502430953,0.2578846414164728,0.6728349044826213
2764,6.6347204984938895,17.516271469061817,0.3143817962317788,0.938344096329907
2765,4.680277510921981,17.469664595277937,0.2915179422205019,0.9359804622377036
2766,4.152086594603127,11.887957484624494,0.2111696611688982,0.5971874331400747
2767,3.940214903724715,7.440001817000725,0.17007788909150626,0.2986180997699626
2768,3.9978299581197683,1.2613180259379209,0.19062084965894677,0.04774338449949579
2769,4.321581618202973,6.9196977948963525,0.2027160417756946,0.2791047691855775
2770,4.141248210887427,5.3055232115495,0.1888388921337551,0.194600269625381
2771,6.7223467347949475,17.38288689858912,0.18164017870821944,0.9315743294556327
2772,4.985648931567167,9.36919621511991,0.15120930945989833,0.39393679967342177
2773,6.476675108944334,9.21476815371075,0.2069956619458795,0.3883755222525767
2774,5.369616295275412,2.2646883708227676,0.2599336279652393,0.08094377342864706
2775,6.339062441126026,1.2658372503859217,0.3677349214171652,0.04783654688344758
2776,6.567171764296289,7.48073968227967,0.37910225409517956,0.3001495288472363
2777,6.0660217858832,9.930613638095474,0.1892250197051854,0.4805109261352815
2778,4.312126712163184,15.0779785826696,0.12371474079108713,0.7651421585269892
2779,5.397990307876016,12.79556906862505,0.2681667347217979,0.6409994861905522
2780,5.461101908296663,1.172847896938789,0.22620873857505733,0.0461692450869646
2781,5.600423698522434,1.8244268554720247,0.31110991201700305,0.05446424255070498
2782,5.704848239401021,1.0209896727942485,0.17505493568453426,0.04287732705457391
2783,6.221373657164077,2.262574860730196,0.24710488771069125,0.08090538806540587
2784,5.898663864341235,1.7200260017502174,0.3202936729440143,0.0530714121315015
2785,6.042428174074309,8.829330574838005,0.44750796211235927,0.3758670132981758
2786,5.79148067600878,0.3146607845851006,0.29194028516894904,0.03005742904642154
2787,4.960427230543707,0.8819090542077969,0.15478563321760733,0.04205936835070044
2788,3.8548182040712344,1.8979471167073076,0.20293452064006476,0.07397676335430828
2789,4.472930781005805,14.867891361635452,0.12369072479398072,0.7547583946089708
2790,6.951561048806112,2.084949291409764,0.2731114930522737,0.077869908349921
2791,6.0776864663287435,4.5015624836639825,0.3783824235690901,0.15728899181599634
2792,5.721506973855741,9.425445458622011,0.3338842959987961,0.43979590212213276
2793,5.436236167823889,2.929420898408359,0.27411614634398157,0.0901467037185053
2794,5.731631659875107,7.6479757684630805,0.23554255704989321,0.3229115039772038
2795,5.963292024557016,11.742277464875116,0.3112192487956317,0.5901171384808388
2796,6.217335134628241,5.6210916206631945,0.35043862971023965,0.2024739931185325
2797,6.919701117832629,1.0716000428494716,0.3763445426737568,0.04396249494231913
2798,3.23570741346705,14.64835389100961,0.11706086701456778,0.743861969876299
2799,5.833697010007836,3.828803358462866,0.2819481219263725,0.13074875209343528
2800,6.985190448440426,3.672842317634086,0.3698285545099231,0.127936984751623
2801,6.484716897205675,2.838478042166234,0.3317208167338394,0.08891206175367901
2802,6.055462161815359,1.2828519700629655,0.23195105831786145,0.0481858874538513
2803,5.442457001460256,2.033498986384655,0.14610024492035092,0.0768338485232154
2804,5.315947173773789,8.480043455969021,0.2860277656558845,0.36219337451266725
2805,4.536674527491977,6.533431355827134,0.18297989179404608,0.2682259656026005
2806,5.308553142331938,0.4185751382271766,0.25760544483982434,0.03285888367761827
2807,6.277295947061539,0.5550414075092297,0.31227933676676484,0.036191111153780126
2808,7.139651103845997,0.4058769717185719,0.2950844572647842,0.03243606068779929
2809,3.6692326965403095,1.558138021311784,0.10118998787732607,0.050657807734563215
2810,4.750863313321939,4.319603589725346,0.21602223561814257,0.14079644081537115
2811,7.464704641584139,7.659578087129174,0.4292482005733769,0.32338495974282694
2812,6.492690418466142,1.0409769761195045,0.42825382561778413,0.043302799798149424
2813,6.95947211660936,17.82168752230727,0.34963206788584744,0.9537868596817746
2814,5.166510820511559,0.5588028534144422,0.16361168827739672,0.036287451844261416
2815,6.253009842202494,10.229989624067587,0.21789562554437522,0.49417430528910716
2816,6.004449185941469,12.132048011750747,0.3082959156504457,0.6090082507818395
2817,5.680107520707586,3.741047424112726,0.206231610305928,0.12884885640666296
2818,3.9445305595865485,10.005453950677742,0.12308451257961871,0.4839491893078703
2819,5.226131224373814,12.618719732236649,0.35752822096814335,0.632492081822804
2820,4.287077254746284,16.18080963729956,0.1601975804797449,0.8239791749929382
2821,4.910402579789971,5.602074472287147,0.15910842314405435,0.20199514929172266
2822,5.6600511189835805,2.535747239461052,0.24850492892285417,0.08459625058131806
2823,6.599538061351212,0.3441589217718857,0.3301580171510803,0.03122247633764885
2824,6.227079205642883,17.40459041309605,0.24774398543688217,0.9326769758133934
2825,7.208083179904239,1.5568278694710282,0.2884097988994134,0.050636934642454265
2826,5.78973020550704,9.677361139208355,0.15045796076074994,0.44861626615161815
2827,5.561124038688366,6.081340176714249,0.2607052992204472,0.22549279945467274
2828,6.336728224003365,16.95845606403236,0.4365786505684549,0.8733362552992262
2829,4.933596054689066,3.5094531082904603,0.22849684933207462,0.12476826126842042
2830,6.350724502052947,3.3821217516096054,0.295228619003746,0.09451554689005089
2831,4.146887726205945,1.0759018470604755,0.10988599494590832,0.04405574658040237
2832,6.101735307309357,1.1610015390801711,0.3766713949324092,0.04591133701197793
2833,6.476130570854777,14.866834205572658,0.271490558919194,0.7547060310020628
2834,5.798117262334065,4.434487941144593,0.25057215046433584,0.14310279211133334
2835,5.264820045311914,0.320842060833736,0.2881283935024653,0.030275938762614488
2836,4.745989748091217,4.439062567903576,0.30614689015318786,0.1431937535711943
2837,4.600214582790655,14.50490592580955,0.1617957286375839,0.7367199309364224
2838,5.180766989119026,8.712114570958455,0.24869435411077717,0.3713418971176429
2839,6.232410032955963,3.6049091580042254,0.2230982853894152,0.12644217961233709
2840,7.542929834027379,5.960339464259742,0.4574126750512578,0.2222120843641013
2841,5.367969047851882,14.54393695177285,0.3002934468468876,0.738664828700512
2842,7.7848544675590015,2.1428774120864014,0.3825175525180625,0.07870038134648595
2843,6.218721682127815,1.739173278759424,0.42215511215911145,0.05335208292368308
2844,5.843044600576852,7.14160994638564,0.3624964677829429,0.28740664225366036
2845,7.939652070911971,1.196615734949948,0.44639545040274614,0.046685066388992794
2846,3.6962944946743037,1.718143739319267,0.10577805424913814,0.053043662549358356
2847,7.577713178575988,4.745075346013361,0.3295384189308207,0.1628445413785472
2848,5.210940888872112,1.5919415582113658,0.18700757576098956,0.05112512900485798
2849,4.765728872486254,1.1282381183869337,0.21800464560873878,0.04519633015375431
2850,4.179835094303281,3.346814650790319,0.12915053875724633,0.09410453623035561
2851,5.78591874968504,0.59201751834528,0.34256107108658823,0.03712358469141535
2852,5.132857971824392,12.801165986801887,0.11892544729154872,0.6412685815226821
2853,6.109505291359148,9.634811888596857,0.24355232930182585,0.4467473100405761
2854,7.218584738289352,1.898175042509697,0.39267457588545074,0.07398172905179311
2855,4.833269390087377,3.2421882033215983,0.2876436015188125,0.09309628292600691
2856,5.257608190061555,2.1548478060913934,0.2315431924413511,0.07893146145582755
2857,5.177969306305607,1.2803390234484637,0.2729572416735235,0.04813443351651693
2858,4.737393646303446,1.1108331619989174,0.23886046885795673,0.04481625211836683
2859,5.967823609315909,1.2115057733680779,0.2822334513680857,0.047006644655894436
2860,6.194233077846373,0.7612688348180631,0.21317446298103296,0.04010540663479577
2861,6.389704223100799,4.648456045589325,0.2376421879616508,0.16067067071701627
2862,4.655496058605456,1.4840092722485,0.19787677489502556,0.049623155904034655
2863,5.817280984856477,1.487491343284769,0.25936726432934365,0.049681072341796376
2864,5.914844037872809,11.058883529601438,0.19967665676127785,0.5567938108466606
2865,5.917182639621213,1.5920750819909961,0.41364971306048826,0.05112720942920476
2866,5.877930461358932,1.105214076371189,0.3739549482212298,0.04469363394227906
2867,7.559848368950692,2.1912058107650636,0.2618197343367534,0.07962467808956972
2868,5.437272293662837,15.993837210771318,0.19664223934309466,0.8148450998538049
2869,7.417181871838649,0.5685532237182443,0.26329130386807204,0.03653534315023527
2870,4.817607690052465,0.4221904417587162,0.16791854232267717,0.0329785020361037
2871,4.624638193257133,12.101075268325529,0.15978628099188855,0.6075099745757967
2872,6.016598181473103,12.598796554082806,0.28227969581816664,0.6315328003844324
2873,5.854445968371468,1.8739956042773638,0.2616695194245582,0.07345190439749015
2874,3.716320319085522,0.6094295890360583,0.18856890968351747,0.03740947858138182
2875,5.236546792764105,2.240087111261241,0.21588822197125665,0.08049438507695791
2876,5.094943765382448,9.662235754747147,0.20851956740839836,0.44795257656788956
2877,4.113531436679376,4.557421890480705,0.14553225077219198,0.15858536171778745
2878,6.227155141519191,2.848786856259279,0.27946796364303056,0.08905421272776265
2879,5.341496023544006,13.603153609307208,0.221303752567353,0.679652352312946
2880,6.341025694840669,5.579795550811315,0.23894018357958377,0.20143236290239372
2881,6.508816615499751,3.8211337365424445,0.2846756717741913,0.13058334069505476
2882,6.177220297432115,9.916938870658566,0.1991401280939402,0.4798809542837958
2883,5.604445510869108,0.8805351128130817,0.35436804470700917,0.04202727024099665
2884,5.390896240220743,1.1831041715153297,0.2311947025643275,0.046392130000204215
2885,5.171006087771154,2.7294800949832805,0.3458369690404914,0.08752956025801956
2886,5.1030637933074745,2.5436732651896463,0.188800811561992,0.08472146777386627
2887,6.865920045842405,4.660170942052205,0.3283580829151956,0.16093645701631626
2888,6.744541579606413,15.849227060885614,0.34198793180634907,0.8023705196324958
2889,6.126203148739869,2.9705728519599663,0.17695894884266442,0.0906912636470066
2890,6.160444489134208,0.3317379290093669,0.27762319407340663,0.030692071158983984
2891,5.625406169616183,5.579699698826466,0.26198611528329924,0.20142993734257744
2892,4.992713869511364,1.1132069401239404,0.23725629424781716,0.044868070328747144
2893,7.148254897257577,14.007149272962925,0.3592769859690451,0.7118282873202951
2894,4.183849738898663,5.465598550260974,0.13642041765540133,0.19877897468936487
2895,7.262681416312018,6.116285135702761,0.2650079311278092,0.2265069502704694
2896,5.421516589873339,5.982794246993853,0.33048122226602056,0.2228664439113396
2897,6.202326591792096,11.461105910644848,0.31216781325163157,0.5764682867976622
2898,5.000548965314432,1.1429378265661136,0.18784321618555697,0.0455173344852517
2899,7.100684095113265,2.7632593835666115,0.4177712685859382,0.08801500232265728
2900,5.163723431378817,3.061239325989728,0.31771935149958036,0.09186342996868915
2901,5.2340820760286855,2.0317940150314486,0.18640107614863,0.07679910137594236
2902,4.778718445963979,0.3235107522977284,0.3050729723710695,0.030372386753508646
2903,4.4297143270046835,1.7539857686858422,0.32677996733296505,0.053567209230944185
2904,5.8251516685084015,5.862524342282984,0.26764929664852255,0.21718076573621278
2905,6.08623641742859,2.8652075959993164,0.3043110452562507,0.08927943593889284
2906,5.277062757709839,11.013957780643317,0.26395933143175077,0.5545879856361905
2907,5.25872882038779,8.454414128621348,0.3843057986140288,0.36116865713477825
2908,4.770623296806078,17.79906628509832,0.17271860601512165,0.9526456935044132
2909,6.383811340785571,5.484101819847484,0.21073246304214469,0.19925510328568094
2910,7.744221314313335,9.2023932377057,0.32772011095365317,0.38792463690043616
2911,5.732680631222508,1.2105491426648007,0.26222530751349,0.0469860274972151
2912,5.165352223848923,0.5459528033411599,0.18364623300204114,0.03595655941599743
2913,5.076816362604769,1.6412682698559453,0.2183576534540577,0.05188850063960926
2914,4.226598256321936,2.194675400504607,0.21621569565443802,0.0796901556766973
2915,7.159705324831418,0.6000960750320484,0.3019569929211538,0.03732425233276067
2916,5.301163579942579,11.045066251641781,0.2863005452511306,0.5561155834005443
2917,4.500080424004987,1.602102277917194,0.19600503655550702,0.05128304369753177
2918,5.434807256147114,17.80404214613054,0.12451388780222536,0.9528967439397169
2919,6.639931120309952,3.7213008056333856,0.362226201990762,0.12841917581147336
2920,6.776711241961038,14.163280495803741,0.3137318356312843,0.7196518038904971
2921,5.037666842203276,2.3305436136854394,0.20108158185957484,0.08211928400690735
2922,6.146464487431774,5.427952635691597,0.29981398279121724,0.1978058956772255
2923,5.199080292571865,4.985310824160629,0.2045015634309306,0.16806025155385845
2924,5.2134404446640445,3.360556641981546,0.25110957340895884,0.0942649745483001
2925,5.461411850172502,5.942122639932141,0.2237863248504062,0.221680842767001
2926,7.571675751224919,2.7142383548300564,0.3197374535982979,0.08730812335796165
2927,6.563551423938009,1.044672451443712,0.26130952951490755,0.04338194966738741
2928,6.2940262799061255,19.86897759116716,0.21793506609608795,1.1178002317676354
2929,4.758057312874155,0.8524245184973915,0.20833482802798123,0.04137960087158049
2930,6.088495483346661,1.6737886265093829,0.2738024950214992,0.05238298047481333
2931,6.496357912037987,0.66492547982591,0.294570534289607,0.0381241669587536
2932,6.571672535620622,7.820619315265473,0.3030677193813035,0.32993623462886335
2933,5.773470677642762,4.5536068015052775,0.23097309220582338,0.15849721856155966
2934,4.468532172135433,7.38087646383085,0.21220208333566712,0.2963950353793837
2935,6.129499985013146,13.6008222538821,0.24625744053004728,0.6795413726408175
2936,6.8099369008520565,2.41947041642096,0.27311713927938075,0.08364541617121943
2937,7.723556398473757,2.9653024180558583,0.39646952976819166,0.09062193123603494
2938,6.222891537077394,6.8661024311892165,0.31618253911189137,0.277627942580062
2939,3.3701521116609423,2.853587534505708,0.15213665922506817,0.0891202022147803
2940,6.980209244322263,0.8737924584669302,0.15640433075083224,0.0418702982103413
2941,5.243829864358276,14.656540129910763,0.18347959729808014,0.7442690459622672
2942,7.0619070758520035,7.977870484166998,0.28549702649698155,0.34168101912921095
2943,4.044151852079518,1.772253745570652,0.1364713686727462,0.053830133404017405
2944,6.952460522828564,14.444769549888555,0.34384723806885925,0.7337211320150473
2945,4.952681514663363,11.767206334912224,0.2433127798625579,0.5913278786792683
2946,5.149237238594756,1.145313638419025,0.25961828498901185,0.04556919348345672
2947,7.219099634517507,8.128771628601068,0.45548694157839337,0.3479304505260833
2948,5.457699517480989,7.652333640038667,0.16629930118483943,0.3230893545552083
2949,5.1690994225832645,1.8835164991477087,0.23579216495485433,0.07366126059224531
2950,6.244770391059509,2.87093014744013,0.27940437931729656,0.08935764361786924
2951,5.39420378848543,0.7586344874558749,0.24144451981363882,0.04004628448541246
2952,5.402644127444966,15.465433497919948,0.22939397739792008,0.7841629983068569
2953,5.626697264730283,7.6116504725178995,0.23746700539504337,0.30506621389022465
2954,5.734112456615937,3.845834375552999,0.2680883884937612,0.13111562133739085
2955,7.654987093780707,8.604184922685391,0.4084350319130052,0.3671170917830995
2956,5.686319377331934,11.952578866460973,0.2840612433093856,0.60031992746353
2957,5.566427438719458,18.085193188807946,0.34057403404581515,0.9670509656541209
2958,5.515915723097678,14.256179665837342,0.3166767986528966,0.7243005569309637
2959,7.61464285015907,5.013076825645329,0.40288476292622666,0.16864492680450754
2960,5.143189759793327,0.7594125425326108,0.16578167289448528,0.04006373713315657
2961,6.871330265565613,6.335862381102167,0.39818866173656514,0.26210395814110976
2962,6.3403401851947665,1.1404296213966845,0.3426627532701001,0.04546257650558103
2963,6.225426758893742,4.172893158178006,0.33146338611226445,0.13787857303437354
2964,5.938963950613686,0.8613264769436645,0.2936429520805344,0.04158246698207737
2965,6.720506732137368,4.3055751707852155,0.3022279320395406,0.14051201017171402
2966,3.8162767793381343,2.0410232540818476,0.23117482970674605,0.07698683375466815
2967,5.975831204188862,0.8802350234434012,0.23442032063770712,0.04202026459442905
2968,6.07848543080872,8.139380065959413,0.26808674917033354,0.34836739784315823
2969,5.54466150952737,3.1782926856184166,0.2019491301921839,0.09266175574743087
2970,7.3421054874656315,3.7535379842396908,0.38087864905654023,0.12912023791568564
2971,5.851765406589933,15.625149883681834,0.24714493520911424,0.7919496506952054
2972,7.155885050610358,1.0510834893733216,0.3063790490239744,0.04351959154377369
2973,6.206080678067782,16.910462146711335,0.217020407207668,0.8709693501264648
2974,7.1139386997113165,3.8462824521863825,0.40573880803329965,0.13112526523739051
2975,5.007122547119432,5.990764158527832,0.25029861789763574,0.22309857846753509
2976,5.704519883096885,1.632638090793213,0.28917808029836695,0.05175588469418736
2977,7.066089095111958,6.965093970551247,0.39827687377606363,0.2807992001687155
2978,4.687104347699678,2.9204411469590483,0.25398318905488887,0.09002675853275321
2979,6.459670837838034,10.678453405563644,0.25182457725763885,0.5139060706828199
2980,6.187933562286173,3.832055308106901,0.2864279947198611,0.1308188500871454
2981,4.739679721921989,1.9529903427070041,0.21174739610257323,0.07516011791001638
2982,6.503077775250684,5.2035493414789,0.46261250426581507,0.19188177266281956
2983,6.656147966535384,16.775780544519968,0.33046373603393847,0.8527296779643224
2984,6.724283723643729,17.814956783817628,0.32984634353061554,0.9534473586405217
2985,5.991717835885187,4.202751483554786,0.3395693701796455,0.13840971380758957
2986,4.984110620414868,2.3743413204747856,0.14448035503828696,0.08287950999371
2987,7.50926730160609,13.492552887712549,0.3505706333630819,0.6743829006224781
2988,5.316084255996151,3.3892735821671223,0.19934399214265255,0.09459832936735796
2989,6.206909910033311,7.613783606508,0.19015941237351877,0.3051462423132922
2990,5.730376717059593,9.087913782575743,0.32258301169200637,0.38371611270665784
2991,5.485159690681139,0.5996573122612227,0.20151224101705592,0.03731338076020489
2992,5.52530826416506,2.8598312561270647,0.26664382754395827,0.08920583105281121
2993,5.343345958103089,1.7748203825953919,0.27312429993333304,0.05386686404517877
2994,6.0228603961550045,0.4307812980279014,0.2382801938633813,0.03326096458243999
2995,6.751076209163275,0.4712256084916098,0.31965266931907627,0.03455662671332643
2996,5.180066913009626,1.9029642733329626,0.10530332885107829,0.07408594327613108
2997,6.934387296466963,3.482147414051496,0.29494664939754506,0.12415536925323252
2998,5.438548867751843,0.5769356975327379,0.305960481441108,0.03674650698653658
2999,5.801404064544292,12.883167970503651,0.2701063751061781,0.6452094752060663
3000,6.51291772819153,4.3497635594286015,0.32702919859261315,0.1414059221109151
3001,7.8397277186481835,4.2611320179180945,0.2791600819690498,0.139607062070762
3002,6.659438760872029,4.940406247921743,0.28920261127693897,0.16710661224498438
3003,7.7795272091656855,1.2907362089252827,0.3854499938169779,0.04834699786769779
3004,4.721456205845565,5.021289621000739,0.2247983101702682,0.16881713236705112
3005,6.00061192361432,11.250790013090317,0.3259766754774493,0.5661967577025323
3006,7.2050368585213285,7.180595616621074,0.3941949418121401,0.2888693569200474
3007,7.351069080673288,0.4233964271077665,0.3773059223935838,0.033018311718675884
3008,3.8178585939539875,11.039515336053192,0.15234134452098655,0.5558430663704573
3009,6.17952071967779,4.524311055614713,0.30393379303165075,0.15781842574681645
3010,4.1900138451907125,3.804347906469129,0.20881436631913758,0.130220892279161
3011,5.21925669627901,4.504231014284,0.2223688520827737,0.15735120174082604
3012,5.1186432242310955,0.33393091150705856,0.2238459410542453,0.030783232145096512
3013,5.3153913743016235,0.8644031692193985,0.18236059515640138,0.041653221642020385
3014,4.178185941237078,1.1718815978798665,0.21852896972312125,0.04614822539761179
3015,5.492719237881089,5.022940944660037,0.21875282156198947,0.1688517167968317
3016,4.730217123909413,16.135458946397293,0.17843751283646248,0.8217680705153378
3017,5.026454729080376,5.702302172007379,0.21107475867780254,0.20450309204354927
3018,4.5636744544719905,4.03208404211023,0.1951929288755567,0.13502219557900882
3019,7.236158188374913,0.449328496609614,0.3409415179010899,0.033864902572206805
3020,7.198189563014573,8.731558904460156,0.46164382952155686,0.3720972118123724
3021,6.259412992972849,12.061468393566157,0.21232521881879543,0.605593341967681
3022,5.751821755616692,1.2179228486684912,0.29712660762290916,0.047144787782945716
3023,7.828918587063813,6.189779741018413,0.332505815847126,0.2566715634740722
3024,6.6597219330737,6.3124927696547255,0.28157606188551715,0.2612335292513806
3025,5.703104991599683,13.834029467593368,0.28562993295732575,0.6885962047584567
3026,6.735546968153147,0.35894400899788204,0.36261347720194886,0.031900809603202254
3027,6.360494034155202,2.832239021936663,0.3057049933105371,0.08882573141885823
3028,5.535917453606564,5.151632037304368,0.20316360211816442,0.19048076841626296
3029,5.911815529337031,4.603916838184267,0.2539849076972049,0.15965477089179134
3030,5.233461570997684,2.227546522029089,0.25079733571687146,0.08030494236694452
3031,5.002716367019018,14.51428085807474,0.23457419599913112,0.737187185361314
3032,4.942639786801705,9.338746007839596,0.19036276715302722,0.3928496945055934
3033,6.522322666938366,1.08144307857598,0.33393154957000054,0.04417602846279012
3034,5.864836117381879,5.943035491192355,0.23492183602100772,0.22170747193783913
3035,4.3600177991447016,2.783108991718715,0.24472060628214987,0.0882969212583165
3036,5.780502160131699,5.495613007694205,0.28668646966855377,0.19955060102337577
3037,6.442915012228442,5.024997490580721,0.35692782938665973,0.16889476903784628
3038,6.611239818986605,9.13829115104451,0.36331117975937127,0.3855764356001653
3039,6.503399903718374,13.712557586935361,0.2720427403649357,0.6848554592845802
3040,4.904145057407132,5.805646938327766,0.2661768872381333,0.21556693822733086
3041,5.5206536798232095,4.195289637751929,0.2712726610182739,0.13825599320821488
3042,5.428523900465169,1.880097136109708,0.21356252735702966,0.07358618122840459
3043,5.276449239092837,10.88088520844195,0.19557355243547056,0.5406606661425001
3044,7.639266739893741,17.97098298247511,0.39249042275507556,0.961308355104303
3045,6.633271229021542,2.1226729488449156,0.32768363984713295,0.07830743817819771
3046,4.889454534916156,2.2734820824558764,0.1604537712584028,0.0811030389047265
3047,5.214776220928425,1.8366112562606856,0.24180004952299003,0.07262057669957568
3048,5.978926160973053,18.694564476429232,0.3045848051898031,1.0533105809053582
3049,5.526506573106597,0.8712272879895889,0.28847785587887825,0.04181081893962984
3050,6.494040214775233,7.252838561949138,0.33729453536101034,0.29158222167188025
3051,6.5006990984991875,5.213675275198008,0.19501547815823775,0.19215369332884663
3052,7.192875402766456,7.833280736079074,0.3277534645109317,0.3304493835715116
3053,6.153713654251768,8.229138800026426,0.18340090460737504,0.35205036532519035
3054,6.419728515505078,10.339429606592432,0.3186848012884272,0.4991129640986882
3055,9.229704649929271,7.852829057069381,0.43999022851841896,0.3312410023461443
3056,7.320336017200229,1.217240760545995,0.36891168998447443,0.04713011721947097
3057,5.15503940886612,10.350739892315396,0.20637785142838916,0.49962178725116124
3058,3.9578129909425614,5.94403487579429,0.1865255964693691,0.22173662436714306
3059,5.28929508090036,16.18396405002805,0.2301071255428869,0.8241328666285442
3060,4.652869335779168,1.0078855014595647,0.27562624387013795,0.042600965244788846
3061,5.018097368375044,2.2565603075463483,0.18413099388190277,0.08079592479581688
3062,5.930523865102992,1.0011103535444452,0.3067333020164265,0.04245893425567533
3063,4.5229648387159225,8.090209071641343,0.2656522238832687,0.3463393196225946
3064,6.321248453194782,16.020735667270657,0.3011416169553666,0.8161620936220048
3065,3.087066577732432,0.4365881971540905,0.12482599930949909,0.03345156002810941
3066,5.097624540051378,3.573929957540791,0.18205274091214238,0.12592589417315897
3067,4.989898382416393,9.15238417848322,0.17562484261867292,0.3860945116477483
3068,5.868700246624974,1.5754057222439366,0.2903583819685562,0.05086640615334235
3069,4.490831776572192,1.5177136968728293,0.19533138731782043,0.050179661763171776
3070,6.707908667581084,1.2298260434342154,0.45355810162607707,0.04740029823737506
3071,5.973687440391403,1.1602225503769688,0.37115713345919404,0.04589436221760645
3072,5.033660617848448,0.8566683918268732,0.23633018820302965,0.04147569349563872
3073,5.317253231804637,9.329686501277216,0.16677298117846598,0.39252537292328255
3074,4.6492809156854635,1.8609447418123728,0.21599633696471515,0.0731633826576377
3075,5.1272822384012136,2.9191587543224196,0.27362007774683855,0.0900095945309554
3076,5.331773247125085,8.088460192463806,0.2645289845460724,0.34626705769007843
3077,6.236478137461305,5.011514714693825,0.25841053772728656,0.16861213460837673
3078,5.196856147276244,9.368155515660892,0.20769727957018314,0.393899721109452
3079,5.863905224936671,0.3292976837583204,0.2412727679618994,0.030591825172900128
3080,4.427534522439416,1.8890460055652987,0.15532529245370777,0.07378241293901625
3081,6.449582105790839,1.2089197324341563,0.24988077481782872,0.046950896873511526
3082,4.708354087533484,0.40923440356469404,0.2733394471157525,0.03254819055146739
3083,4.23634746386073,4.76802382747461,0.09651325390333268,0.1633546470646718
3084,5.268643330706316,0.2957860245459543,0.2944688094145643,0.029427051504313118
3085,5.705011577239124,18.166071382546175,0.29468165808875296,0.9711119103279405
3086,5.661356519627114,4.232809370952126,0.30354181064564745,0.13902737817132052
3087,4.961344844482953,1.0386635876495012,0.26500268508188124,0.04325332497212442
3088,5.783951625972198,7.30748446065937,0.2706235770982477,0.29363580983029397
3089,5.1786768688779645,8.164270857775575,0.1573721080702058,0.34939127258570896
3090,5.63992098243627,3.7983141974743537,0.29587274711528827,0.1300904666495245
3091,4.748602049575882,7.09075585925572,0.17573100050961007,0.2855002740114991
3092,6.361960404392595,2.658778680474065,0.35383816852313255,0.08648937795189088
3093,9.02469756470907,5.387628146076222,0.4198562253706786,0.19675702948672716
3094,5.156820892005704,10.251252139624974,0.1879113250691859,0.49513601093943355
3095,6.605093732738092,2.937517091304546,0.3041073304439986,0.09025448498763174
3096,4.603346940635471,2.303274069934677,0.2780150249214592,0.08163731688160801
3097,3.6410061406140435,4.396983192950851,0.1588353002363289,0.14235447377581315
3098,4.9356857328548545,12.674338416221302,0.20238591901897254,0.6351691252211431
3099,5.5458555792623825,2.6158777579633767,0.22649075838522575,0.0858415409911503
3100,5.622567390541419,2.323832723413822,0.23317793562764036,0.08200129541945687
3101,5.668759375334987,0.7910201087710373,0.25954028210484653,0.04048977801957798
3102,5.078342573146476,0.5641866560936698,0.14085728574033662,0.03642464592933627
3103,7.115982591889646,6.3711462761459385,0.3614619477068016,0.26341925046954306
3104,3.934211821848322,10.547804737330138,0.1402112870741263,0.5081045644317013
3105,5.692436251845486,5.84493634241723,0.25056190303538184,0.21668235817125212
3106,5.41120385415361,7.972295439458967,0.17256323074062582,0.34144901682879714
3107,5.167111779432483,3.081095851560768,0.20987753748504961,0.09211543965157125
3108,6.572864743372756,9.263723584927892,0.25813758426117667,0.3901515536495954
3109,6.174264424509199,5.059454108103245,0.26640110634605624,0.16961296494478365
3110,5.246390719238532,0.6318190261048022,0.34521768530659047,0.03794685006344152
3111,6.978980823072316,1.1381488518075231,0.37204992685869287,0.045412776818547045
3112,4.222977699561077,0.739793720066333,0.20902501133908172,0.039625726441810796
3113,5.573027062414292,0.5599524284767708,0.21592636416314923,0.03631681409140525
3114,6.786043603733819,2.39958847730496,0.29037600202089464,0.08331013708774332
3115,6.6697573625351,2.013274459070141,0.3984162085897109,0.07641973612407851
3116,4.821882838652495,0.437842107711777,0.28487129668537775,0.033492568278178314
3117,5.5181340897737305,2.3364735325965973,0.18373545837969926,0.08222320673320166
3118,5.120942578951371,2.360230991535405,0.32048779819584167,0.08263643092010861
3119,6.124214336257034,7.45490311744383,0.3576126176540623,0.2991783162552653
3120,5.096599663092036,0.5580332369475695,0.31735306234553345,0.0362677733533211
3121,5.733064565045702,1.8449746951068855,0.2618805155944068,0.0728078520080227
3122,6.514935869946204,14.14877635157261,0.26130703622899115,0.7189255601171002
3123,5.987490529789654,2.1305837023863328,0.29291012602014116,0.07846157896941175
3124,6.065121898616556,14.245381699297921,0.3465722886144994,0.7237604783175989
3125,6.4959916659446515,2.311905576544346,0.3185663172954018,0.08179059760461284
3126,5.971898078548352,5.08843268330889,0.2846811236938821,0.16989608072700904
3127,5.888004139761624,2.458873570941241,0.19833248701997305,0.08430048084032374
3128,8.031890820860303,10.78533636659364,0.38436847804067065,0.5186274556065151
3129,6.399648978581522,7.777215346693521,0.3910076143562385,0.328174779879364
3130,4.6098153662698005,11.87625168645231,0.18428880416302962,0.5966197572500999
3131,5.364975043862432,0.33960318025332115,0.15285429275138382,0.031023901440157528
3132,5.591816749455211,1.2673745044820746,0.20530384050797187,0.047868201125040366
3133,5.305220910139729,3.227444526976201,0.1855833056578268,0.09291807529493341
3134,5.438295261546723,7.052973129886918,0.32462502080285477,0.28408527035345454
3135,5.612764142485439,6.0003097347766,0.22356214101007207,0.22337652849655804
3136,3.692173523494915,12.839049298711547,0.19430930354427375,0.6430895940441445
3137,6.387118905414341,10.014229290064755,0.3238356055585841,0.484351308972221
3138,5.525388681970043,1.9082999372683305,0.2926384730807843,0.07420176422930913
3139,5.914021949412523,6.332840690660233,0.21389117152496517,0.26199137956093116
3140,5.6148430381192505,9.762088339112525,0.23758676782945495,0.47270806028984225
3141,5.799931525775356,14.906710409000084,0.28065257212035694,0.7566804446241836
3142,6.860807735445049,15.978314781067148,0.4095869252857584,0.8140846551823522
3143,5.933893515255773,1.070156036173505,0.2261004482101586,0.04393121943099476
3144,5.224713540794429,5.042561645872046,0.17435818793084948,0.16926160491855372
3145,5.783252091021235,8.432218019744779,0.2277013436359291,0.3602790215933543
3146,6.691174644668825,2.373059671080781,0.24685364391435002,0.08285750266170928
3147,5.955566953998007,9.351180042135159,0.251827258155437,0.3932941568808372
3148,5.093439277890168,17.746705599528703,0.2700924098139666,0.9500027036954607
3149,6.297837532381887,7.486403097698388,0.3139624437739646,0.30036239562965544
3150,7.862995792018671,15.178829984311463,0.4026215192352887,0.770110070097068
3151,5.3196102732459165,10.888663971376069,0.20795810872224216,0.5410303533422023
3152,5.947951410217054,1.106601296874688,0.25697648787252825,0.04472389908582006
3153,6.3675279101138536,2.385461249768691,0.32703413140011456,0.08306985357735215
3154,4.571795043106396,2.971097165700332,0.23570462028998712,0.09069815340886461
3155,6.659811663780916,1.2417364852370625,0.2645780772634474,0.04765498818422043
3156,6.633517073892535,7.223851588717335,0.2850280511180219,0.29049337962166477
3157,5.521318448891215,16.734126849115512,0.18180394956361964,0.8507321849860334
3158,4.947322318745688,0.8549398865209534,0.19604153463319152,0.04143633283525311
3159,4.917254076490322,13.529827417922439,0.2337654598881194,0.6761598192632841
3160,6.541180632231421,2.4495850230608602,0.36318260702131017,0.08414721647324669
3161,8.080771212739275,3.3495625197338814,0.3811917334010891,0.09413666616437481
3162,6.630318220674258,3.8934490429782325,0.2979330621217991,0.13213804093503537
3163,7.633623926286888,13.740817922663018,0.23901755692207155,0.6861978853021892
3164,4.703942268819496,8.282635953232226,0.20389786469330376,0.35423273800312466
3165,3.864230180337785,0.6880543524303259,0.11000965910433404,0.03864796595111785
3166,4.94600054674541,2.8409470584847765,0.23457969599790723,0.0889461635262765
3167,5.556087475989107,11.664192975005749,0.3376470796288312,0.5863223305659239
3168,6.556179953175633,7.146494427074629,0.25389290243229173,0.28758984822763284
3169,5.950760577051177,2.665951882044429,0.22938165279864836,0.08659644707955493
3170,4.188990255691379,13.419202184011489,0.12481231384567024,0.6708833083310356
3171,6.081672865139752,6.343756477139231,0.25229858874999833,0.2623981128031654
3172,6.3751602204400575,1.0578345741876582,0.30966742294373467,0.04366495925591644
3173,4.678935754211217,2.26467962487084,0.23372511636736112,0.08094361467107902
3174,5.103538716000506,5.251225181774023,0.11917458262265837,0.19315825242213502
3175,5.4355751795763245,4.254857636090746,0.17091222863324412,0.13947884057111573
3176,5.875134948846077,6.576167937524198,0.27608729651282077,0.2698208118622057
3177,7.812213316400875,2.549085790712966,0.3987076699783073,0.08480670210788906
3178,5.828897631247327,3.070516712378226,0.23168203563347964,0.09198138877470508
3179,6.871263550721667,16.707156885930136,0.2126328317333658,0.8494376502676118
3180,5.806372257405175,4.821061337080347,0.3215251335763498,0.16452417603007666
3181,6.038795888006397,15.5194581297108,0.2839597030610907,0.7868006393175387
3182,6.166698324171175,10.196834736418008,0.227360626112609,0.4926725290723158
3183,5.113293783715691,2.6411200838288145,0.32544749897819064,0.08622428454145362
3184,6.087932970205698,4.488038272794957,0.26807204180900274,0.15697326368155023
3185,5.205872977244156,11.08433890814078,0.268197121772313,0.5580428591986404
3186,7.405801924446215,16.427507090012455,0.26262052723285106,0.8359580519524978
3187,5.4846176695610005,5.701132019327436,0.24305769307767988,0.20447403342105222
3188,6.654526963895601,16.87463496588198,0.38464925298325003,0.8692008423428103
3189,6.2284994458358005,0.4735106826334811,0.2877812554044648,0.03462738924489028
3190,6.417251306446864,2.053255547921138,0.2789749426264971,0.07723429810260574
3191,6.480922909236489,7.874090831652887,0.2670806750307201,0.33210108206424205
3192,7.336734957244569,0.6100741772954789,0.26537666672301213,0.03742488916229055
3193,7.102623395278867,5.515196131877814,0.27350748025531807,0.1997893099372028
3194,7.965106441591241,2.3316206704252767,0.5031241645334782,0.08213818291685862
3195,3.772409080090501,7.940183580962505,0.13969955505318382,0.34011131245316023
3196,7.05777772226423,0.33063688987113493,0.3441133491788619,0.03064668634816265
3197,5.616076708980343,1.1034533997778366,0.20154482134190344,0.04465522792775667
3198,6.054351656951716,15.507831086653386,0.3016336143212232,0.7862332949792051
3199,5.225624316085915,1.2443750070737636,0.2587266502476233,0.04771127569559051
3200,5.944994147562235,12.42441179910128,0.24624777726206035,0.6231287994346718
3201,7.42420150617738,1.1345485015689456,0.2394057317796478,0.045334153785860226
3202,7.766866181347971,3.05511099811894,0.3671697820324015,0.0917853015297175
3203,4.720985919959671,1.2174308887924687,0.22456845220281146,0.04713420687043744
3204,6.823121841765276,7.002094538278854,0.3618467820178925,0.2821818473847909
3205,4.860800310756849,12.973144223825404,0.2752262980211954,0.6495298563490329
3206,5.313942468332109,1.06603106185067,0.26703543745836317,0.043841955860254155
3207,6.312218549999748,1.225211786356674,0.330922966343565,0.047301364513031484
3208,3.9533362928247304,0.5246430048467697,0.1765792569094999,0.035395720671258915
3209,5.890570859638247,8.523629826109264,0.13702134321047957,0.36392970844039324
3210,5.256133201522783,2.744661441087764,0.24803195992896845,0.08774862850352315
3211,5.968314882039747,1.1495684646357596,0.23923586526279328,0.04566204278911422
3212,6.359427412385609,9.052642525847936,0.31214494955755556,0.3824058172025931
3213,6.7894218386725,8.561061642507052,0.280403698620086,0.36541433585184907
3214,6.543606786216553,1.562751831508684,0.2521493083156949,0.050731206721855486
3215,5.43624511786189,0.7828989232138402,0.29155619107933733,0.0403101267784943
3216,6.690662056695403,0.45365164968297755,0.399550078583307,0.03400340150214827
3217,7.0082044777634245,11.57402164545097,0.3328266113288961,0.5819698753992777
3218,4.271544540565578,0.593827732884381,0.17682107228140018,0.03716864491968229
3219,6.454062147216038,6.770706351604653,0.3349739705098152,0.2740724782332109
3220,6.254934992249854,13.70839593251834,0.2956045066972201,0.6846577150715832
3221,5.324569954864464,3.962048719346068,0.27834532566014075,0.13360240303004564
3222,6.809209487844521,3.9936985301585755,0.2433528757839397,0.1342107074818384
3223,5.964252974128791,2.366628986714689,0.313693787820647,0.08274686481064833
3224,5.057682516642684,1.7967020955303727,0.29063200957495583,0.054077919677988806
3225,4.180309431195852,1.071917827513112,0.12243334166949718,0.04396937963773966
3226,5.628571074852948,5.364074601479569,0.24449279950147154,0.1961412294686899
3227,5.889710580788004,0.6218037954898182,0.27630532214916387,0.03770497327612976
3228,5.957436102346299,0.7773465607527376,0.2716067200398197,0.04018781036589076
3229,6.957611206490045,3.9107934623362994,0.24144180693576014,0.1325092627237638
3230,5.24977200506618,0.8699737284467387,0.20020927627064075,0.041781799986285846
3231,6.746424286530196,1.0929580531711145,0.18743293100039576,0.04442648542992614
3232,6.604451803673794,13.853156159778369,0.3143402357317318,0.6895012221294015
3233,5.532604798778673,13.393389970629649,0.21932957310510084,0.6696509174619363
3234,5.670382408908919,3.5094902437502187,0.2345937295855789,0.12476909370306245
3235,6.257864348335909,0.850938171304998,0.2651884436702549,0.041346132310032924
3236,5.585135182092508,0.5244775313825689,0.2686754680341731,0.035391300902308666
3237,3.851440800252897,0.5992155489672711,0.28275726865626977,0.037302431850528964
3238,6.380946030602089,2.1466569963558695,0.2895002689196586,0.07877349693991358
3239,6.3493101075841905,11.592556242643216,0.2735643565806514,0.5828721213870093
3240,5.16911457624516,2.2809417453872562,0.25021716643115355,0.0812375823673945
3241,5.681433690004043,0.7307083237567384,0.24203115274127981,0.03942409195646375
3242,4.727335904476003,0.7819184349778602,0.17210515991015937,0.04028849809642214
3243,6.875212051185332,4.878886347044877,0.2925393253916902,0.16578403684843399
3244,5.444760410859802,2.9900648328988373,0.15749408474866186,0.09094648673823058
3245,4.893932510570974,1.1983984397801934,0.2058269134360252,0.04672364153270027
3246,5.166548517716424,11.763128734375494,0.27894789957718424,0.5911298636757255
3247,5.968578065902282,4.530456349417967,0.24579353882250457,0.15796109807820327
3248,6.217113179185367,19.530433975535438,0.34453451321049683,1.099226740513255
3249,7.7510496841771825,1.8577139950005956,0.3918728381949546,0.07309168277877365
3250,4.93257381222926,0.7291720133159622,0.1644217438844681,0.03939005468955198
3251,6.759583312098728,3.5104635636568884,0.31543038446449,0.12479091075156201
3252,5.834602179310897,3.6757756894009823,0.252586705299593,0.12800131773227455
3253,6.385015734945501,1.9480713274186665,0.3684266574819935,0.07505565967818087
3254,7.886193872484972,0.7038534274337883,0.3856065682005626,0.039005530834515786
3255,5.481488340722861,3.0385762183367295,0.12591917844450592,0.09157377163785207
3256,4.82277760632422,15.466175763413986,0.17222050055541097,0.7841992635969283
3257,4.654250880944214,5.169386295450246,0.12017281813778913,0.1909611551696908
3258,6.1212918417303035,8.132594696371518,0.30671587700446,0.34808795647259444
3259,6.296649636085326,5.112781292586219,0.2904740993305572,0.1894249324458954
3260,7.010096078950335,13.484536182451572,0.2207749561010306,0.6740006043425584
3261,7.222000349858534,2.866854175987076,0.39455179763674325,0.08930195790409769
3262,5.894027681347367,0.7010088209862861,0.31189401972875536,0.038941113286869694
3263,5.359497780157517,4.475522052909305,0.19270538627305714,0.14358418819361687
3264,6.417762231866833,14.611198279161716,0.16624840060957272,0.7420136364871561
3265,6.032151842870662,8.242204908378023,0.3878002242423545,0.35258429644259526
3266,4.973427491036635,5.414980209015096,0.18337394432976697,0.19746921651726843
3267,5.50128703099081,1.426685688513019,0.29220627365583635,0.04870985628094016
3268,5.96705001268013,4.3953104775510825,0.20385543505791467,0.14232099277808724
3269,4.570812323776246,0.4082748867942165,0.2018578028956875,0.03251616521098544
3270,7.183661321116552,1.65787885790236,0.3555631603424505,0.05214211871971462
3271,6.910873613709271,6.006824511657964,0.40832584227215857,0.2235661797131169
3272,6.657848722615198,0.5606601910075381,0.30849163561470655,0.03633487305675209
3273,5.505684146807409,11.39763669176722,0.26288386945364,0.5733719896515588
3274,6.135763089333988,12.405398078864494,0.3276357360822526,0.622211665024874
3275,6.278457810534636,0.47450031507279095,0.34491847922219987,0.03465795192637411
3276,5.916540827151099,5.472139163726102,0.25928735449457374,0.19894743971021675
3277,5.913236049720248,3.8230475015965957,0.3140229211075178,0.13062462651811477
3278,7.502877975601693,13.677702991262482,0.2940812212593727,0.6831988727102902
3279,5.299194137354131,4.65380453463044,0.29131117207542484,0.16079209085839563
3280,8.50552256667854,0.6596619495598035,0.39957184992613104,0.038004645776467436
3281,5.618573863977294,0.47093083128220875,0.34062564537336126,0.03454747862696547
3282,5.126898729473589,5.954402126741484,0.2217930257570248,0.2220389775474616
3283,4.861779232333258,6.2702694557192835,0.18906011987897786,0.2596622718716021
3284,7.053561173953409,6.933868111823763,0.31212028088998955,0.2796334453212969
3285,5.936245322055366,1.7969914450025466,0.3213315697278189,0.054081981821020794
3286,6.8151515153199105,10.946073995802212,0.19546005876817396,0.5437563385448655
3287,4.574198595474826,1.802781443797993,0.17668646591455311,0.05416313205995163
3288,7.597903558631564,19.16946368426992,0.36982705221810197,1.079349994160748
3289,5.411681834765635,8.375049965062747,0.26969839227604137,0.35797841555339377
3290,5.461310933076369,0.8531167597285141,0.2751666935830307,0.04139520212897943
3291,5.102652243219547,0.3247353751499934,0.33079549635222916,0.030417090909579798
3292,6.3112184038076515,2.411181085836439,0.3228452005540901,0.0835060363999769
3293,5.935393728552996,1.5614690629447554,0.31258693676676896,0.050710816530436034
3294,4.811098305911156,3.9217728269165426,0.30154053119563706,0.13274391404518604
3295,5.596299433653884,2.2466892782621963,0.33307425571018695,0.08061554244014929
3296,7.656320473932365,5.332431916020515,0.30869294255896956,0.19531025718370879
3297,6.169398084761642,9.984734348878403,0.25701685277834024,0.48299888860895634
3298,7.838478374663404,2.050677728649821,0.4600625069379611,0.07718227583278828
3299,5.561345833889946,3.5687819567552546,0.2403000328996265,0.12581162592648326
3300,5.910836859641524,0.48354125190139324,0.2256274734233972,0.03493484548645932
3301,6.725990478091242,3.429150882351444,0.3520985707339675,0.09505711450798274
3302,5.812179241725485,2.401412168947275,0.2510059978641998,0.08334103083853227
3303,6.331949453907358,4.760932759867441,0.24656676607782504,0.16319728469038972
3304,5.856190962047131,0.5118948599828151,0.36409224959300185,0.035052068708069456
3305,5.559503723954342,1.2087761105948858,0.2166786220024049,0.046947799506297225
3306,5.435332622727638,2.2149136708828077,0.24890833268086404,0.08006978313392014
3307,5.195760488089158,2.9369249664968966,0.19715929487746445,0.09024661383263954
3308,5.844365175143413,0.7799069015921597,0.2758354241664011,0.04024416474128509
3309,5.335137239618412,13.221091080573517,0.2507728141250288,0.6614137079560926
3310,5.595903982355636,3.94684437829661,0.19607771370325303,0.1332787455214123
3311,4.620833841965742,16.19720050617528,0.15626240508561104,0.8247776355123584
3312,6.877948258264918,1.28307577689914,0.3561623594426197,0.048190467641546164
3313,6.694216196929478,4.543330584513995,0.20795918244570838,0.15825950613559386
3314,6.802537664267628,3.1340942851439393,0.25475022238776235,0.09225501939595131
3315,5.50795872548716,0.8257797776021636,0.1890706943934117,0.04079263207691857
3316,7.176843823702456,8.390012397602877,0.3233927466834425,0.35858182583619164
3317,6.909960098794919,3.324782397122969,0.23723180774674177,0.09384602884199422
3318,5.7243497525602836,11.252446858028318,0.2108297542259632,0.5662778072413733
3319,5.419193472098713,4.498266558884893,0.24501996551544167,0.1572121177847215
3320,6.143403045914103,11.683618126114917,0.2490552964505171,0.5872667164051989
3321,6.090654665910219,10.915470217249695,0.25629954304670954,0.5423037192888134
3322,5.299453977841979,1.1382299898301356,0.25171222493145884,0.04541454853604571
3323,5.682556153738729,2.282198286448022,0.3093379447596963,0.08126019502733528
3324,5.744639256035413,2.628867062377276,0.2642071015812289,0.08603905863341438
3325,6.113185403898375,7.323637700178124,0.22244959944263223,0.29424302146227765
3326,6.365877782308893,7.148918653317462,0.2862638919998496,0.2876807817531261
3327,6.862073199268244,1.5021868986977003,0.2713204292092708,0.0499244264291139
3328,5.940980573207957,12.980937009201842,0.24380556485349872,0.6499038522905624
3329,6.4765866718296,2.8555070036200068,0.36678618072974617,0.08914655016213044
3330,5.768479992156123,8.298211057979675,0.25339427203561055,0.35486622277917595
3331,5.332290488063762,17.158326340717068,0.2179921230750584,0.9201390993210745
3332,5.5796882498476,1.1463650957409683,0.2620508362965513,0.0455921416082899
3333,5.922525573002571,13.429351437529256,0.18818112451695732,0.671367755859003
3334,5.652809989982921,4.537937509780201,0.31857227092350504,0.15813458219703283
3335,7.073852555593949,6.329520369588872,0.36013565970984146,0.2618676860531521
3336,4.294175896365844,2.5324893803744377,0.18761212149989492,0.08454464330057625
3337,8.094992833193487,12.945128672472464,0.45716760678207574,0.6481850654788548
3338,3.8694258847782477,15.555160401093357,0.14261805541789874,0.7885416252136342
3339,7.298363514726385,7.856984499861947,0.38143628094453114,0.33140917517753915
3340,5.899158912294488,1.1090477783952175,0.20773625457417869,0.04477728481397194
3341,5.634197855977425,10.62066253776887,0.2524884159518763,0.5113440390809624
3342,3.3494787681712856,3.1811398972790914,0.13549681730974808,0.09269666299610929
3343,6.094885405495369,12.918661721013105,0.29330903685303555,0.6469142513198817
3344,4.798260723844723,5.300292462454107,0.23979191312097184,0.19446189947391995
3345,5.774410150579919,3.1758452054895563,0.16911855290371772,0.09263172375824746
3346,6.387593206379388,12.564122575004356,0.25008565587103004,0.6298628600061539
3347,4.860420276310795,4.402915420270077,0.20996246211334227,0.14247314060191862
3348,5.09551373643447,1.210384076360973,0.2407882521170717,0.046982469405068346
3349,5.8968602974683,3.395488020132132,0.34176005722606634,0.09467013556633401
3350,6.406342005109544,13.231586936623483,0.2711839822811406,0.6619160087900884
3351,6.587641101532351,2.6227144732863286,0.3199770455236724,0.0859456510778254
3352,6.122799590024726,8.886309209993291,0.2152029321206393,0.3761405979662494
3353,6.150424335556642,4.7570515780528115,0.21954503626557312,0.1631110562717821
3354,6.429588439949449,1.5188500631324073,0.3216164306551052,0.05019826581789649
3355,4.532012381751405,15.198523101301099,0.23272655998407324,0.7710788043549993
3356,5.395225846585159,8.644024053231046,0.21630312601245705,0.3686828422864019
3357,7.55598829743682,3.6395305617940243,0.4103993988940056,0.12720517437012466
3358,5.15083026790638,19.572923556383174,0.28811063025508327,1.1015615722030592
3359,5.773516680291053,18.707940816691618,0.25845979159080074,1.0540522888954134
3360,5.415097244642397,0.36822546659200966,0.27072801700137294,0.032360168764489834
3361,6.846085312908985,7.636804289051162,0.3594694461029622,0.32245547998235846
3362,4.850693355242346,17.531209862338393,0.1814965529852316,0.9391012760383403
3363,5.750317222257382,1.807327606742151,0.20962986462869612,0.054226669540607994
3364,4.977888415637392,2.4651337349185245,0.22381820285922152,0.0844033772483516
3365,6.374631847799152,2.6284734654244897,0.3766092493801914,0.086033091155056
3366,5.123671635105874,6.453920062346053,0.14437654071418046,0.2652646222501806
3367,4.900124036578948,2.6122015408776353,0.14289164427648315,0.08578542096325124
3368,7.327164835564549,9.9003351298925,0.24330336493980304,0.4791153141073159
3369,5.408833206328787,4.850372356076138,0.19673680190746926,0.16516479574467743
3370,6.327439802012353,1.1437663394492001,0.2465186733013849,0.045535420202084606
3371,6.025666837074104,16.157988510166472,0.33945905220205547,0.8228668642176125
3372,5.356833459926583,4.500823555602788,0.2974117819854491,0.1572717607354736
3373,6.566447509741418,2.3061889061559344,0.3249100527438729,0.08168915491259568
3374,6.538135490037833,5.549364339679902,0.24929261293198518,0.20066045147729047
3375,7.46740905042996,13.26916014607504,0.3248538871581866,0.663713616577753
3376,6.0162673050590625,9.462092460786131,0.2750993037099583,0.44143441116608584
3377,4.443993799319013,4.341655357172862,0.1977395807459075,0.14124234306221156
3378,5.314967361608155,3.400902242624897,0.30209827653217863,0.09473260093836051
3379,4.199715848640494,1.7527112165222825,0.19796927365870426,0.05354876689520522
3380,6.869116812390754,9.716927736189557,0.31879594934618327,0.45034889276372214
3381,5.982838243799885,4.923618858972347,0.39967781329305324,0.16674754749012224
3382,5.343404763106255,6.75989646134733,0.31167495616718316,0.27367027600643373
3383,5.899990213862313,7.688304946031616,0.31783827162496986,0.3245564892122111
3384,8.20039943015148,13.237165046360902,0.2630359327057427,0.6621829343343146
3385,6.336200518923305,14.133516570460646,0.28790702766203846,0.7181613561826861
3386,3.741383562833882,4.406823872763939,0.2112157379601254,0.14255126245698072
3387,5.208216537303047,10.374579775790885,0.20924893947001613,0.5006933487516916
3388,6.807972640553151,0.46677530067441636,0.3304865229554412,0.03441803778865668
3389,5.153242249395501,10.29828731659401,0.2984554286528629,0.4972596175004701
3390,5.45408014892045,2.4973975387129888,0.21148837775753784,0.08445900568234568
3391,4.704069940255244,0.7302988440417127,0.18946824700777276,0.039415018350933945
3392,3.884354412549511,2.5786285717869615,0.1331410178046083,0.08526837638959593
3393,6.0031334965203245,7.98781066340802,0.17927750611176696,0.3420944918592823
3394,7.168336863966087,9.082768412927667,0.33798972721673276,0.3835253673198897
3395,6.505156657599147,2.072634624097495,0.2972809351283639,0.07762377195551079
3396,6.924288917764134,1.289917048652409,0.33719109553607857,0.04833028239670975
3397,5.909069600738067,2.885320573835711,0.24836010543255918,0.08955350383589991
3398,6.120637187670602,10.114133638589971,0.29023116381249636,0.4889146239250722
3399,5.7178483258924935,1.4182886946958677,0.29058793248318365,0.04856460918864946
3400,3.255366535136737,2.045111058147112,0.11275871472811233,0.07706970313803907
3401,7.67788484172447,1.5612356921513277,0.4407945228103546,0.05070710560542706
3402,6.025939911261772,0.4409956889138628,0.21570274450870006,0.03359539855193758
3403,7.49401647974672,15.988299522296852,0.30376449060035143,0.8145738451179406
3404,5.69594406440869,1.5892515051413265,0.2283930636414045,0.051083185750147836
3405,6.7643546881371535,1.0487794017252008,0.33980229374972526,0.043470076878946336
3406,5.989626855079437,7.27136466605931,0.2154228391682057,0.29227831198698645
3407,6.757502195898807,15.7559094795326,0.32813339922729434,0.7978552487098026
3408,6.5725092419873015,3.727149021331836,0.3206475947380242,0.12854651379633264
3409,5.183659887637455,1.7628392864465652,0.22960705684133972,0.05369496261263494
3410,5.575395799538594,0.5320382886714503,0.21986201282763532,0.03559219385188239
3411,8.737333239638776,9.001102119755046,0.3560290040615909,0.3804795972992945
3412,6.226112788073929,1.1245772718866989,0.34683995836641784,0.04511637093478095
3413,4.470395279926158,1.9783647981482928,0.1926980734785397,0.07569493423990917
3414,6.153661596866577,1.7909450712207347,0.2555804646779683,0.053996963812998025
3415,4.882308644280526,2.4132821864908185,0.32606030105271916,0.08354141999721777
3416,4.947106819326837,3.9324803104415325,0.17150007147062457,0.1329724990297154
3417,5.9765070166640895,1.2845798490118145,0.21893616560166304,0.04822123825164504
3418,4.307528716221405,0.8679477427853352,0.19558799262759768,0.041734965835589985
3419,5.146477355017709,1.660848858887536,0.244031790398087,0.05218723869226068
3420,6.874020248321268,3.0629391666857235,0.33889288621586844,0.09188507125603486
3421,8.09349968932782,21.28522066161691,0.32344052771393444,1.213330491097029
3422,5.02909323940188,2.6245064017473387,0.15377582691147898,0.08597288358797299
3423,5.377785794343074,10.629653271612806,0.13971817512340082,0.5117430561433367
3424,4.975861963736794,1.205865476867692,0.2603016111367553,0.046884999485780045
3425,4.914009107064118,1.2856967415406042,0.21280814069904816,0.048244076486118434
3426,7.363067153299739,5.141312840511437,0.26879207057145016,0.19020094531176165
3427,6.131042529246899,1.1297297044913688,0.39516603441222203,0.04522890885647937
3428,5.342253121556685,0.43210852482478573,0.3018471106458723,0.03330451466835337
3429,5.213379808119958,7.272393035253879,0.24826121238753293,0.29231695532052465
3430,6.614971493546847,10.924832523568176,0.186564743085342,0.5427482328804284
3431,5.696945595356685,0.3662564283494383,0.347570576440023,0.03225927338445404
3432,4.544503977050186,2.3560655250040226,0.1847036000173718,0.08256433916142358
3433,6.364885393925998,3.8112531210255405,0.31999922963498456,0.13037006407611842
3434,7.190905701498456,1.1452664059016613,0.3166318963640004,0.04556816258595778
3435,4.617211503516832,1.0271210765570764,0.26674996130396594,0.04300735797781417
3436,6.821357123118668,7.789179410708139,0.27105870309978203,0.3286606663138197
3437,6.41767110504597,15.12332440398405,0.38609158521955433,0.7673772874754458
3438,5.766744512911117,7.950451411331481,0.2684547262437113,0.3405392988131994
3439,5.782362684747002,2.1969125877248596,0.3073645701806561,0.07973231357793101
3440,6.898594445758953,1.277463038481191,0.3523488980337422,0.04807548605757419
3441,5.068609886630708,3.374563498697653,0.27896482212992907,0.09442788965424315
3442,5.361465441419493,2.202024338757663,0.2740565241893386,0.07982845818316607
3443,5.8879012721452915,2.966156659839216,0.2656114685987782,0.09063317818223807
3444,5.0326271089002335,6.250354595144853,0.2760206408845198,0.25892177441059927
3445,4.103622930588984,5.998045583331341,0.1813536231641284,0.22331060801954586
3446,5.3964368036704835,1.2979571328907888,0.2548722764449185,0.04849410446247051
3447,5.92254890939901,13.203525209741022,0.24947310956266086,0.6605729129353964
3448,5.3330508216207075,1.0219139818690985,0.22632493659533046,0.042896900413363616
3449,6.447908343073139,3.44337649759322,0.36473949214062795,0.09521966823234922
3450,4.632090184871475,2.71187315559601,0.16352960210475928,0.08727362510536277
3451,5.915837948994796,3.9797075377901248,0.19310718763067516,0.13391407782045447
3452,5.241158493660675,0.42943806387317823,0.24472614537201873,0.03321698017889081
3453,5.476674440603852,4.73901555227492,0.16677905044971977,0.16270943750143677
3454,4.031232008386042,4.381979095343584,0.11729203309892194,0.14205383315803663
3455,6.133153539401729,1.6665914518499498,0.2667626031244352,0.05227427585223381
3456,6.4903600189894926,3.672278860279991,0.24440915365953345,0.12792462531945217
3457,6.396013357698469,4.99222538730437,0.2663099340791832,0.16820621058831714
3458,5.902703653921059,12.068960984775622,0.2597031677424921,0.605955978879684
3459,5.504802911982306,6.491513311609313,0.19473711454094791,0.2666638226268922
3460,5.104848297426606,2.2841348313531262,0.29912756191609036,0.08129501656466084
3461,4.592925072935646,8.368156472530462,0.11145394923765337,0.3577001202238615
3462,3.1923546885770167,7.055921113126688,0.14272964366162597,0.28419563085885086
3463,6.716208366365036,9.867863335568114,0.2884031387537552,0.4776155972109369
3464,6.087914858983832,7.714141778366257,0.2304270083637904,0.32560920049820125
3465,5.323510125990281,1.4386915658022765,0.27899719257857497,0.0489165392420431
3466,5.844862508153949,1.8297772961737893,0.26063185911490905,0.05453812625185839
3467,5.257869113984924,14.127798086359938,0.19041604394589148,0.7178749442686251
3468,4.916042066561104,0.6125569797182527,0.19018051050159906,0.037484193407641836
3469,4.538352604664478,11.165451858842475,0.2469041078533047,0.5620191965555157
3470,6.728884958392123,7.4378574126155454,0.30989467311854285,0.29853747742689607
3471,4.9131835673902975,14.727800243667357,0.20855000949852534,0.747810167836647
3472,5.6808482398065285,0.4767812152672004,0.33115769368716064,0.03472820099063187
3473,6.932614809437035,2.064869439675039,0.35147986935408587,0.07746782859663474
3474,7.5952608486246325,13.295872558809574,0.3917283174321446,0.6649910953946365
3475,6.076418803333753,3.863036603440445,0.2603489383099009,0.13148555839977064
3476,6.772980121730873,1.1583301618859014,0.30302665106466675,0.04585311844383985
3477,4.562346790218432,11.371990849430789,0.0910123824605149,0.5721200510204275
3478,5.9374525172484045,2.926756018005293,0.2908644096932528,0.09011115237294244
3479,7.133669261976233,5.3431074046642335,0.2905409203344557,0.19559108057682278
3480,4.137059749994733,0.8608165283946846,0.20293572270597585,0.04157075747189925
3481,6.795792170915999,10.521335830620227,0.34554607776738594,0.5069250035491556
3482,4.551747110254652,1.4709873299647265,0.25978669418986405,0.04940570046060508
3483,3.957216907178592,2.3980507601789918,0.1811880715768495,0.08328406573795989
3484,5.830481861504192,1.88613078787078,0.25617456358683033,0.0737185800666674
3485,4.836102156966547,13.29906498853014,0.1960752648344948,0.6651437390444778
3486,4.965523133682009,2.901706021164816,0.2668889337818025,0.08977512921753592
3487,6.545123795775919,4.047383837270878,0.2508262640329762,0.13534466639926915
3488,6.125047720580314,21.12853790305403,0.36826808657370896,1.2045816741360316
3489,5.026538068055921,1.9031812201929992,0.2520384638832203,0.07409065836151507
3490,5.849634401106246,12.467917685822327,0.31033713705801774,0.6252267154307695
3491,4.407072787260911,13.076599282865912,0.12567643885336718,0.6544923868679968
3492,7.866659071913104,16.310901826108605,0.35678687439861945,0.8303063812167197
3493,5.5524730295672535,4.060954805342299,0.27063363707438826,0.1356302251253678
3494,6.793771643838164,4.192546518526403,0.19675628828937383,0.1381994443920762
3495,4.246555578433025,2.83785433232097,0.20656407820825043,0.08890344155649273
3496,5.759023687343636,3.5183353327229168,0.2638316944055499,0.12496728273257807
3497,5.171737204512105,18.91733882058541,0.3106187239481356,1.0656513445669047
3498,3.7826401216137184,1.1843746874485017,0.1656887999860025,0.046419711074006914
3499,6.846188445352632,5.030569901194116,0.3197846135865357,0.16901131762511862
3500,5.4131903870913245,18.92440972733322,0.2995810928813197,1.066042625471574
3501,5.788795124099702,2.794783915108378,0.16231665970429632,0.08846160774383441
3502,6.045792455487694,3.040393311183307,0.32946262219217987,0.09159705501566819
3503,6.293271412416543,5.623929713420515,0.31887625809450887,0.20254533366761998
3504,6.249165709630366,1.971502176184087,0.2640938119966741,0.07555095571179507
3505,4.846544214176685,3.7919335704046246,0.22641574288589053,0.12995246022092924
3506,6.110643557762184,7.882258864765746,0.35690461209931923,0.3324312291209209
3507,5.327792741903118,3.6042082795098263,0.2315824895554139,0.12642670799733655
3508,4.225062714192325,1.8460362374494212,0.2053601579571925,0.07283156952604189
3509,5.431115266984185,10.177902455960487,0.30328929861551585,0.4918137687657915
3510,6.066566006715971,5.119891430816652,0.18138826012170015,0.18961863642776747
3511,5.662509398949859,2.6329072924111276,0.38909060593027894,0.08610025077094895
3512,5.507315465678508,1.6969453717835496,0.322280238505593,0.052729885521693005
3513,7.348463244132231,3.293842897080255,0.3016329499550892,0.09371374184870858
3514,6.593025351068279,17.40516680320031,0.33551179995151237,0.9327062533206286
3515,7.155587710194024,5.548933427981173,0.33036690769127114,0.2006494944328052
3516,6.328795552660392,1.037113328269984,0.3474366816153943,0.04322020296427746
3517,5.424346821758261,0.5810301651342895,0.20376169513645673,0.03684905595861669
3518,7.132156169510318,1.8312328570517444,0.28864792251013544,0.05455818869162789
3519,6.771811600199557,1.7660851065223233,0.30244861995549494,0.053741644035496056
3520,5.301620056478154,0.8308433422786354,0.3326422571912981,0.040902532862295185
3521,5.0330343428107165,7.593214007029523,0.20178475810975827,0.30437439441866004
3522,7.458296355329311,3.2398039556524147,0.29391120617537964,0.09306751935285515
3523,6.499232102340727,12.825137328603272,0.3188715394387092,0.6424209382716568
3524,4.372349044497406,5.211613607065783,0.1877387021427098,0.1920983648103438
3525,6.185844752613837,10.841444196864922,0.2311981163695093,0.5387849957255263
3526,6.685037069580706,5.243448826413057,0.3079575922662398,0.19295070636545067
3527,5.738542485684564,1.8759096417106018,0.16227298393903292,0.07349406879168974
3528,5.594722249210953,1.5155415188742842,0.2565327698709812,0.050144071063246434
3529,5.769970726286337,2.627804798182885,0.2649673318752263,0.08602295071096225
3530,6.052516191728218,6.214564848700888,0.29736801086711134,0.2575918956658343
3531,4.872415201955685,7.794703649794323,0.21096914554201804,0.3288849293256844
3532,5.704745289112929,14.170150872998597,0.32009531386997714,0.7199957730619697
3533,6.671082205771424,0.7405309055794748,0.2845205129059393,0.039642115785954
3534,5.702341382093819,1.1349177784306836,0.23695716964881416,0.0453422184172681
3535,6.288522443010495,12.628874438917705,0.32247018060096283,0.6329809526640477
3536,6.116852039758588,1.0102373724611153,0.31514733991001204,0.042650406593166656
3537,4.8419908310344395,2.0757699562333083,0.21137328948375564,0.0776865862867788
3538,7.663022935388843,9.53516593473163,0.3116072362841114,0.4446875653374553
3539,5.030920609010816,0.3140189290927729,0.28079318008818416,0.030035113125544112
3540,3.8286646513062657,12.7608402279598,0.24724788283354507,0.6393298558221491
3541,5.483076030993277,0.8604608271885977,0.2752231085460775,0.041562592789901126
3542,7.95666988361298,8.252149061764587,0.4019166105114022,0.35299026263819394
3543,6.677237618464955,4.623565122094322,0.3301856030284945,0.16010397587758177
3544,5.555865121911193,12.082677541040843,0.2773863373849181,0.6066197794086141
3545,5.633806483470649,2.4442811175715566,0.3275266744023637,0.08405938156553305
3546,6.046360695744772,9.388682139335323,0.22704068802524655,0.3946300733911485
3547,6.140969558855356,3.061665264462043,0.27496921894510545,0.09186885394638783
3548,4.076375168912274,12.897480283793325,0.13573126149901124,0.6458969739172399
3549,7.218335320969272,11.111705533719821,0.4068422881849268,0.559385059678431
3550,7.311149956895213,7.422972047865923,0.35644940305268064,0.2979778207867289
3551,7.596344199431841,1.794623815311125,0.3966550968601161,0.054048724063951906
3552,7.177240312971345,7.175718606885941,0.3246353840274497,0.2886863207209635
3553,5.518558250385573,8.163126244617573,0.2230154657239127,0.34934423122786573
3554,5.602317035431874,3.9727159093148585,0.2831675097402953,0.13382916503787698
3555,5.719211578505,1.2836986731474105,0.21809250362142357,0.04820321311109829
3556,4.274587891295483,6.171792744878557,0.16252097393949352,0.25600396618646254
3557,3.972589152902304,4.346143843714239,0.18749156496255395,0.14133292115580634
3558,4.8131891889616485,10.273510732334483,0.1561475029099734,0.4961416180329507
3559,5.052532668604232,1.7568961041036424,0.26538037620737026,0.05360927266399379
3560,6.0364134986313,14.380833267210308,0.2176029381656981,0.730530003336701
3561,5.696067502691871,2.8404266558060534,0.3172860535991026,0.08893897871844307
3562,4.664014916149273,0.724852121904777,0.35156012412694054,0.03929442404263072
3563,4.5070798247452775,19.316445959369545,0.20945526556855246,1.0874522844605832
3564,4.043267375562265,0.7811657512057083,0.2155277630961606,0.0402719031286337
3565,5.7108972727332095,6.344218932550338,0.18071675089080083,0.26241534716353015
3566,5.335011385556979,0.8870175788114923,0.21657174696500237,0.042179047994503956
3567,4.411574155181756,0.41622480144405694,0.1650884468869462,0.03278091222769462
3568,4.881546586358317,3.0683382105747468,0.2576123760633739,0.09195372387292927
3569,5.29697397456799,3.3370660716316096,0.22605583510665908,0.09399035158791873
3570,5.349450383348096,16.492775160740912,0.2234169953050699,0.8391134433681788
3571,4.516441409003524,11.093969708739106,0.16865197014672398,0.5585152772001349
3572,5.713526203835236,9.13258081349327,0.19417821185097214,0.3853662248958814
3573,5.994366188009015,11.805383750225417,0.25339261846158617,0.5931813672534653
3574,7.183459177437763,7.659776225794038,0.3457509944260726,0.32339304377070144
3575,5.678445559627803,4.098333487149323,0.1430410409425952,0.13632809637616342
3576,5.0717488899606815,8.192805465981126,0.1812394184860033,0.3505626532789034
3577,5.531235260064481,0.8224744901935594,0.1681542380059617,0.04072109881912339
3578,4.98927800303932,2.925902978490684,0.1655843379389019,0.09009976436308981
3579,4.7081249530771325,3.534882909416502,0.2765468167083002,0.12509427934727124
3580,5.4522637638694915,5.406325946438206,0.25616136750485413,0.19724421765382807
3581,5.350163856692377,5.078059998948292,0.265548141909797,0.1696815171460563
3582,4.268197030326581,2.3707597017768527,0.12948540917585297,0.08281797382519661
3583,6.241152631326529,6.775932783602383,0.25537019011423306,0.2742669904737957
3584,6.716274439134961,16.471385591236157,0.40125001981405745,0.838079996253972
3585,5.221434077462293,1.8938771586602403,0.18296050426149157,0.07388800150351188
3586,6.030531426005346,3.5040844846185717,0.23580381950409998,0.12464788621787788
3587,4.445065120781268,8.613639233614311,0.24965263212561928,0.36748931832918724
3588,6.078409490419754,2.0360529421887046,0.252638779012174,0.07688584169729806
3589,7.243368184541205,8.38614386099296,0.19716074883893017,0.3584258977464805
3590,5.598808549004387,13.24467504419977,0.340854483923767,0.6625422761306429
3591,4.987690344771752,12.431079482287283,0.14336572803692213,0.6234503794819831
3592,5.167473031434163,0.8147701664694657,0.21571845070953724,0.040554962252572956
3593,6.043203957645841,3.152468708871906,0.24814095757986426,0.09248291723106677
3594,3.3563820598723884,3.8782975660143504,0.15980200817895476,0.13181322193684822
3595,6.262200283892368,1.4169451718472725,0.275912796296865,0.04854131669507982
3596,5.388085841435767,11.709210287418077,0.18760686271211227,0.5885105675665976
3597,7.1153221260686355,3.7608953705232877,0.2356059596937584,0.12927994251087024
3598,5.067947567059719,0.6284709187497449,0.23161843427075585,0.037866086707506755
3599,5.2636709701880475,5.113009564795582,0.3250122950707363,0.18943115463438395
3600,3.636854237453393,0.8784535498856834,0.24482578388631607,0.041978713064810956
3601,5.896833202120866,5.73957548915561,0.3336899823181716,0.20542603179276167
3602,4.381904053863523,4.054799906907223,0.28786317692551955,0.13550077012775355
3603,4.790960255954034,2.0530912717217062,0.19150629201008057,0.07723098492742272
3604,3.7135520880747515,0.8809323665591031,0.15839975886084331,0.042036546999770295
3605,7.067667029107312,1.2839775219839564,0.34005382370091813,0.04820891783454233
3606,5.565592166261227,0.6627441480141333,0.2815477277758301,0.03807465556894596
3607,5.525240647859753,14.057606271989801,0.16887805066720332,0.71435797056703
3608,7.082372898184255,2.0799576404128524,0.39711073651570744,0.07777032639099876
3609,7.243644202255018,2.460648113303771,0.30199930789918844,0.08432968095222491
3610,4.828447759211661,3.7974054256306933,0.2636297157094103,0.13007081597390685
3611,5.096049524797476,5.777155725428839,0.14479079449584717,0.21475623220430992
3612,5.072084206303888,1.7708027833029951,0.3112506163079521,0.053809346139281185
3613,5.741238130112955,10.85658330014303,0.23430324926736973,0.5395051998969398
3614,7.754787000668053,7.181372175018106,0.20338536697959952,0.28889850283993573
3615,5.679534311220565,5.736956970670477,0.25981744896039516,0.20536136196168997
3616,4.889515120408789,5.527376014544651,0.1969362869494142,0.20010038612302386
3617,6.149001722867063,11.097086164600503,0.3327965716970351,0.5586681309464827
3618,4.808291723769426,2.6872143885384667,0.18790247233113963,0.08691175448902758
3619,7.512024666132706,5.752822245775566,0.3262167375733306,0.20575280196137377
3620,6.884703189575608,10.99860648570213,0.41001681400724227,0.5538338301163143
3621,7.19320016745834,2.108893294811435,0.33058139548295945,0.07803803322522526
3622,5.60901195031433,4.719026809151527,0.27819304225679226,0.16226259632064868
3623,6.395993859295438,10.668636827127177,0.2886469506401921,0.513471336257096
3624,6.034127540751903,1.2794990561661022,0.3019324720347831,0.04811722380558456
3625,8.013118738020292,16.652150235113492,0.3202398067917271,0.8467944379765627
3626,6.301280905606901,1.518807801036817,0.3476291739466698,0.050197574108142164
3627,5.522432855408418,4.6425209818479285,0.2788575957732881,0.1605357889235184
3628,4.526038261017632,0.6899780509536081,0.20189248840393523,0.038691486963763295
3629,6.078230568618937,1.8453303496334508,0.21533175231795107,0.07281579954473957
3630,6.92903348346024,6.6219151001254195,0.3426078480134343,0.2715305110897716
3631,6.5178428035424565,1.8211723671273283,0.20217544242690874,0.054419196095072384
3632,6.581049679948485,4.6682491058547635,0.21478589585403807,0.16111938399465453
3633,5.370222811409847,1.9745091237725796,0.21042702330604598,0.07561410238848787
3634,5.301179326944942,0.8707519028799483,0.26822412253648703,0.041799810459171735
3635,6.399252936163815,4.790772906479558,0.20113756741496555,0.16385790540415043
3636,6.241255364044015,3.7283171435463616,0.31110481949985985,0.1285719399587858
3637,5.38388810465899,3.9904367143997166,0.28516588018814215,0.13414159248765276
3638,3.815817746887059,12.216792503304145,0.19417013453698084,0.6131053185140537
3639,5.106932542033862,8.206046651243284,0.30825725393047315,0.3511053326038021
3640,6.377571655504087,17.820089015767252,0.15685513096238238,0.9537062336345312
3641,6.868407242794825,6.764350328254416,0.2950647663910012,0.27383597267300913
3642,6.02326295593913,7.114835619521529,0.2438419238231726,0.2864027049634519
3643,5.011792618551813,14.615628835532881,0.28994961736150665,0.7422340975211393
3644,4.606131901103641,1.180132071829079,0.21367974857994626,0.04632758407725283
3645,5.186634174942945,2.45576110030603,0.25719484138573695,0.08424920285335778
3646,6.154675433792061,1.244518035236758,0.1378137624265958,0.047714325513975975
3647,5.957230989263711,7.244712889707098,0.24811465354335002,0.2912769568552795
3648,5.675303720634612,1.5520298223650317,0.30092503764519357,0.05056037792209198
3649,6.153853009244732,1.1151525260845263,0.29727953451188777,0.044910547824953816
3650,6.476422021716442,3.762700501270824,0.2615361740299104,0.12931910906680918
3651,5.4544377943780065,10.678646724279497,0.2832046909576331,0.5139146300594585
3652,4.861204965952729,2.6798410662349466,0.27849878477429296,0.08680276064036879
3653,3.903529396775071,4.208785616739067,0.18112424597739346,0.13853391078541175
3654,4.693366172432101,12.719624868700055,0.2156591090419972,0.6373478257048953
3655,7.515616310078306,9.595936405583501,0.3061753902264978,0.4450344268270981
3656,4.965257935176809,0.45724721191977624,0.17752682077812487,0.03411787814479724
3657,6.416015236435259,8.793754049752794,0.2519053890359382,0.3745009412605877
3658,4.335438080975819,2.0176432837564136,0.16796267895347164,0.07650955001283638
3659,4.789990147076826,0.5778378277841579,0.20942954423402152,0.03676913363052303
3660,6.737499026360056,6.901374439637651,0.31897156145678324,0.2784214746309622
3661,6.547989673086644,11.91329831865682,0.26982992728476385,0.598416087497189
3662,6.378035106185976,0.40612002620962356,0.35316432400975756,0.03244418441301283
3663,4.913321409070757,2.9192334795294577,0.1560782677004597,0.09001059491879693
3664,5.564304344259287,3.268594365186851,0.20324168615673135,0.09341345644974497
3665,5.925130411602296,3.6234844547470013,0.22426128633100165,0.1268518529181532
3666,4.533714912274408,8.369667647145747,0.20189258252265704,0.35776114312799584
3667,6.200408215403258,1.467859591750666,0.28376435902550073,0.04935326648126379
3668,6.528805864400065,5.002545195152603,0.27964776108984263,0.16842360991279295
3669,5.218145050598582,2.667089037750993,0.15387360528703342,0.08661338813881883
3670,4.506727909094773,3.937941283982926,0.2655055110733609,0.13308898290089624
3671,4.140766713915986,10.183696209492293,0.10186414115647291,0.49207666514133774
3672,6.234381626297059,5.929168816885671,0.22580805853137062,0.22130286187156537
3673,6.767651740821187,14.308789016326614,0.24070754303426464,0.7269308757658092
3674,6.738647693857149,11.96016994071027,0.3373024339409936,0.6006877551885818
3675,6.673412019835964,5.636803213050493,0.24690748340171698,0.20286853816573755
3676,5.157589840152061,6.124347706653238,0.19352098416131006,0.22674083627657618
3677,5.944072273516373,1.2747037579493439,0.23271661943825847,0.048018870397482954
3678,4.808623742362097,10.413160715316511,0.22490955872890114,0.5024248323196486
3679,7.617077855712912,9.344839499866831,0.38677597682062087,0.3930676060391658
3680,5.1769370495783855,1.859915014242893,0.24449372779566872,0.07314054189642978
3681,6.292430848181201,0.8177299219989675,0.2587283852772964,0.04061868962311662
3682,6.873729557623285,2.3574094876132023,0.32781728174142427,0.08258761578737844
3683,5.3923586335303595,1.2824630198830962,0.2446145213999016,0.04817792669618326
3684,5.915750145273189,13.207547582345528,0.16299650746286243,0.6607654606917909
3685,4.953298741743927,8.92371693838111,0.21030978785739224,0.37756190430029446
3686,5.005511895091823,3.6190580460441124,0.25017063956405305,0.12675429410976888
3687,6.232528137480473,1.0600491135704124,0.3613628747204829,0.0437127287795568
3688,5.188857349809917,0.693254041120792,0.17656361553629007,0.03876560487634176
3689,6.290013002777121,10.796280049768464,0.21594051030224004,0.5191096517173657
3690,4.743201566595982,1.5011128297038547,0.2575675025204057,0.04990669892366756
3691,7.063956227175271,11.004193452536173,0.3917010644227505,0.5541083231187287
3692,7.168292127636984,3.4542734740180556,0.36349616768725107,0.09534161017007692
3693,5.5598003881766385,0.8839918050223269,0.26492138004363597,0.04210809829374877
3694,6.932464488416435,18.754539317625714,0.3809807521657225,1.0566354305595465
3695,5.392418403443281,8.165849314369202,0.12574172957530744,0.349456137353152
3696,5.147867045520484,0.8443737368986911,0.2461941461509565,0.04119879698412644
3697,6.148227786787261,1.0494526253323726,0.27909440673251634,0.043484539031521954
3698,4.737996372181803,2.1795386116453654,0.19661915411075812,0.07940363693552886
3699,4.9635744345197645,12.673474371775185,0.08511492887426063,0.6351275476006286
3700,5.976614786220668,2.8541500907510953,0.374742545962333,0.08912792642170171
3701,6.456082395761068,0.688098179877148,0.3016292919205094,0.038648957487778815
3702,5.871803825798365,7.111075195882507,0.25642106505191803,0.2862617463569554
3703,7.572660993906817,1.8756104125601225,0.34347386452185064,0.07348747959697219
3704,5.981488916183679,2.1497348055672756,0.25292124150770073,0.07883293215676199
3705,7.213205570970089,7.300556261718795,0.4120419638367867,0.2933753945654713
3706,5.963249896336147,2.0079226917581914,0.28555348242001927,0.07630944492799056
3707,5.257318140552578,0.48415234422608205,0.28944984668733587,0.03495341214057926
3708,6.4550260054545054,0.6619898101756313,0.3426059678202406,0.03805752705307128
3709,6.048149643417648,0.5413091907065261,0.22278386808294207,0.035835699242219424
3710,5.9645793689843245,7.684253969579455,0.353582734677596,0.3243913491940605
3711,4.3928084032458035,5.201789770877894,0.21255349284600553,0.19183447698548667
3712,8.353718691091212,5.84227591384714,0.46552502313438765,0.21660691895679893
3713,6.5460290999951125,1.045489489307645,0.29017145977629777,0.04339946812253185
3714,4.470325637882203,0.8626505351517382,0.20478160932863346,0.04161289374329324
3715,5.431507856029472,2.9463180850878525,0.27020573261569314,0.09037126360017399
3716,6.91894531364427,12.023699792037448,0.40594894669734183,0.6037649340953403
3717,5.16044583230677,0.4288993561569006,0.1652937923467109,0.033199320419475396
3718,5.841046429862963,4.554100972973515,0.35392652167047867,0.15850863913830873
3719,4.484942328469052,11.387802697760268,0.17869969782690917,0.5728919861056588
3720,5.16079901102853,10.837223017419145,0.1271873095022161,0.5385841294527205
3721,6.1403929427217685,2.3219699986386684,0.28555443563471067,0.0819684740205539
3722,6.172655747237318,8.377961158943766,0.3356796813562318,0.3580958874199736
3723,5.351033959702107,10.027673080940833,0.15326647398932539,0.48496694359454795
3724,5.480135969393825,3.152830943472799,0.27023040279759447,0.09248739619175672
3725,5.346902357456148,14.95877808796616,0.2597791021188555,0.7592561232006408
3726,5.056384194106744,12.05370710010494,0.224782428087456,0.6052176703708855
3727,5.953201790163415,3.640978073890655,0.25206813854069426,0.1272370213506873
3728,4.708228684384718,0.8198396594727454,0.1751079686053007,0.040664188254044976
3729,5.503660802922467,12.997833749861616,0.2533118687247339,0.6507146648415955
3730,5.408477590220023,3.5094340965079813,0.29206226289484233,0.12476783509600001
3731,6.411792478046017,1.5740140743786735,0.16031342728531556,0.05084453446251286
3732,4.758609401931522,0.562468727750749,0.24444147052477394,0.036380955440573286
3733,6.289284122481814,3.966217964498527,0.25810955605691926,0.1336910632179085
3734,3.910079814810993,2.657312423565856,0.12313355288471457,0.08646744860870689
3735,6.790649942020127,2.7021970748862425,0.2806042432831284,0.08713210855238689
3736,5.516574111640098,18.693457920474405,0.1494799738692656,1.0532492191446097
3737,7.542910287304492,8.725501665787164,0.3221779739555532,0.37186211228426014
3738,7.48488860821231,13.098073579974052,0.2887662783482556,0.6555217601867279
3739,7.2366054242028985,3.24092128186721,0.3456004181481804,0.09308100140401873
3740,5.763956584857,1.6178496496173602,0.2898816937408549,0.05152729078291109
3741,4.633205109122471,0.4651063523395364,0.3194287299108854,0.03436579995294348
3742,6.48741638337414,17.160520678202783,0.2599129825686662,0.9202510816108523
3743,4.302952435862198,16.735275446260445,0.23800186510271212,0.8507872957038802
3744,5.158328412918311,8.51140918039923,0.2678315577294054,0.363443695770162
3745,4.83510298066382,0.36431596532146415,0.17645973211400875,0.0321606964493498
3746,5.519038791715754,6.165616919210003,0.21430384931040464,0.2279375071087185
3747,5.230692418300106,0.6175221726921581,0.3718077481939577,0.03760255089657957
3748,5.214025245267337,10.892442423630934,0.2696358112728494,0.5412098963828359
3749,5.34912909614236,11.51356112984276,0.2136292208948072,0.5790251369793998
3750,6.94848632304501,6.929596240941708,0.35972032516136554,0.27947404442972407
3751,4.874482582003369,0.5698624757968757,0.2404491774361341,0.03656843808062442
3752,5.4631629035127744,0.5202282964655964,0.2508436128379893,0.03527744195497468
3753,5.764988972461868,2.3842541827737036,0.3084573351895729,0.08304924354704761
3754,5.0366899471768996,11.800074854672154,0.18443840711079598,0.592923674284295
3755,5.44172212453164,10.4174245659617,0.2509048746371394,0.5026159910598497
3756,4.465398617771203,0.7326914591558548,0.15977213073581792,0.03946805199463514
3757,6.656003964133089,8.132015788364704,0.32440931414452434,0.3480641089437231
3758,6.441431527834197,2.783504926984421,0.4144522494082725,0.08830251993149556
3759,6.447607496070549,14.11153228885321,0.233673930013241,0.7170601716576102
3760,7.021013707551808,2.6500424396362585,0.4268794874983209,0.08635849907463866
3761,6.513027324721378,0.5810633888349471,0.2783327560020162,0.03684988656484925
3762,6.129467810483357,4.281684897017563,0.20446851266922714,0.14002627798518213
3763,5.943316104627377,0.7275161250425383,0.2249830714241129,0.03935338482120809
3764,4.039417089468555,2.2474334642507583,0.1766407818544309,0.08062917343549132
3765,6.480062158608274,11.483525160973793,0.2878167679785981,0.5775613119052607
3766,6.613098011746597,14.084216705772029,0.19724563348852997,0.7156915899913104
3767,5.944681320947805,2.0471773071749344,0.2535855545781123,0.07711152534741446
3768,5.431062507041584,20.918300074363763,0.2821052561158593,1.192821477608478
3769,6.211713252709063,3.2214125166244814,0.3530329399934994,0.09284493028728054
3770,4.6855634222115805,0.6612817928675575,0.14556450743873037,0.03804144703186445
3771,7.502558056267484,1.8826847306984797,0.46027582617929047,0.07364300864652407
3772,5.265356440515771,1.6029751719107184,0.28035875949225425,0.05129657225208635
3773,6.656302885165732,6.647686760687974,0.35465426649252324,0.2724948193607138
3774,6.937475027405486,4.391820950121059,0.20444876514479177,0.14225111772984025
3775,4.648861930858221,1.2804885770669592,0.18166924730998552,0.04813749707919496
3776,3.506246983539071,1.1828359719047346,0.07096806582541232,0.04638630691561254
3777,4.596571693593037,12.17973948059154,0.20382133650054443,0.6113143700902256
3778,6.819417087870145,1.477784159700889,0.19061547023765674,0.04951937207496109
3779,5.497992945703702,7.187178107145114,0.31398063181737307,0.28911642372317764
3780,5.436081334181213,0.8160087109900797,0.28091721011576914,0.04058161530465374
3781,4.8713752961045165,1.485311130320549,0.21656252821508545,0.04964482080449167
3782,5.314766360227982,14.302955760120419,0.19715378843111306,0.7266393149486834
3783,4.150206247850743,0.8277000178422386,0.19123770089555328,0.04083426393042756
3784,5.147220606387463,2.369797939118691,0.27359616128345704,0.0828014306597601
3785,6.352867213416164,5.13995041063123,0.2489759445609929,0.19016396712900788
3786,6.476316451995507,0.44151237047273456,0.3686639269076958,0.03361220369236626
3787,5.715900010181734,7.956934762559608,0.23316003907639915,0.34080941837023154
3788,5.802520561326532,5.09904801473232,0.2761141651290476,0.1890501932996709
3789,5.689253825282278,8.074951598641002,0.2958005505546774,0.34570860725638236
3790,5.655379555975453,1.9572873445934895,0.2911673260390957,0.07525115977120092
3791,3.095137545658365,4.114585970166215,0.15212870100786113,0.1366672925426405
3792,7.124268690265022,0.35381610971402894,0.34565387715530876,0.031659602726434276
3793,5.003865295474696,7.482901982890511,0.30178860451892536,0.3002308028719965
3794,5.605057474791646,0.8234015005451021,0.35454270645721403,0.04074114520779107
3795,6.869357750386048,2.5492155058634816,0.3559674406255737,0.08480874209225944
3796,7.028248555257294,0.5262817964667236,0.36340102247089345,0.03543943609505891
3797,6.390548646526309,7.6391187719920435,0.21575020777371248,0.3225499697644693
3798,6.712459811069062,6.341200095621516,0.2521403128102589,0.2623028480709602
3799,5.053397886887587,3.4847688832520496,0.27567093076060917,0.12421427956049776
3800,7.042792697014465,6.26167056228316,0.2270619968685533,0.2593424925702274
3801,5.483306546536636,1.1633564892946389,0.22448170652227162,0.04596264250275002
3802,4.769419467716806,15.639266098686978,0.17944429660882516,0.7926362141800948
3803,6.316930411069574,11.316381147688407,0.24539129397476314,0.5694037040464625
3804,7.852553861344429,8.098972799661006,0.36915985342066643,0.3467012974370365
3805,4.208649260064512,1.0122332537332193,0.16107435269870476,0.04269241934564525
3806,6.153892307614258,0.5906873422726321,0.2661313483693816,0.03709043643913097
3807,3.685130837479534,2.4110351241103394,0.19072676005610484,0.08350357694207658
3808,5.219204677761254,5.004669816867835,0.19661506977546292,0.168468302088314
3809,7.35257683322658,0.6207165592556276,0.29070917206688857,0.037678658785013
3810,5.7950433271402195,4.41577720744126,0.3072544511118794,0.14273003495164177
3811,6.116239875551648,2.916729760318656,0.3728567796764439,0.08997706011384188
3812,3.1408880420228082,3.7110133876187423,0.18038538449633482,0.12819501106608594
3813,4.76280760359172,0.6009473688524763,0.20392914789700745,0.03734533717414114
3814,5.193277441010566,10.26647729898901,0.18632102192367558,0.4958239852697703
3815,4.96442093474771,3.353113646940687,0.24782830824290508,0.09417815232695442
3816,7.836720797978232,3.6724923915032703,0.3428856492666074,0.12792930920149287
3817,5.60851617630411,16.402814188439205,0.18343457765966062,0.8347627681915449
3818,5.935453675619706,8.711639922359614,0.22576072332455946,0.3713234368531371
3819,7.005778260952679,3.1840145453909057,0.2603871230255126,0.09273187436281902
3820,6.470531963493284,11.38920561032871,0.28008596729057605,0.5729604674877806
3821,5.58589330736369,8.593487683020701,0.2610221361265482,0.3666954426868933
3822,5.867740989759511,3.9902900808476387,0.22366928530138555,0.13413848487500377
3823,4.084353245013437,0.5338155974156185,0.23343385464453456,0.035639111572234934
3824,6.495343453126318,3.6556037772768133,0.23783265630154773,0.1275585631634401
3825,5.738830056647891,20.436704853311028,0.2867917988300484,1.1657935550842875
3826,5.406020418041606,3.801874057802986,0.3653162620481331,0.1301674262670174
3827,7.054117241447761,1.060863677044439,0.4095895527686045,0.04373030949424604
3828,5.920872784947744,5.644144384651292,0.25832635378955476,0.20305255892080878
3829,4.574137210273322,10.268818767238045,0.14231427978238867,0.49592973986244426
3830,6.0034917664954826,3.394862392400688,0.2368781210402094,0.09466291186931158
3831,6.653433567881343,2.052464743710084,0.26280398746354244,0.07721834636266864
3832,6.254199358380922,14.970424651196211,0.3557380190673108,0.7598318779831146
3833,4.857498088961216,5.524343603052903,0.24667683149594508,0.20002299412010935
3834,6.011093794029015,0.42979328408843737,0.3491649004181728,0.03322861877569064
3835,4.765184877776247,1.846241171036074,0.2017185807396424,0.07283614688879164
3836,7.550397587555962,5.896746214514017,0.3707634745801645,0.2203559477451153
3837,5.828923912340463,1.9196582687712305,0.180122578150565,0.07444732301647206
3838,5.147105462906386,0.6251478117231638,0.26300920399385114,0.037785834295071846
3839,4.657512402219463,0.741847194664003,0.33647930439033186,0.03967139173937823
3840,6.742137897139997,7.378312346856449,0.342030538698134,0.29629862479930796
3841,4.091408249821437,5.1913992289680975,0.21406009008091348,0.19155492087016704
3842,7.459779445667377,9.21928861893294,0.39759246893584566,0.38854003146700283
3843,6.636512950188819,0.34317663051847747,0.34174454014035655,0.03117925357260782
3844,5.0589457689767965,10.026916951801379,0.23659738815174622,0.4849323311507739
3845,6.932011805471013,2.7784292009048723,0.32842692551179076,0.08823067446207387
3846,7.771401249609058,0.7352593760796579,0.42112852160856057,0.0395250163036361
3847,6.835171645455971,4.322013648552613,0.4383722376435104,0.14084524586734007
3848,5.735927879626393,4.91673507595275,0.1607398007783263,0.1665999109558179
3849,5.4367942672953165,16.291769835696904,0.23469706454268305,0.8293773174552529
3850,7.113744623958263,15.539763880961551,0.2764420333412683,0.7877910361695589
3851,7.298846618682177,9.727881208520845,0.23672460511026164,0.450827657422565
3852,6.413899246889848,2.587411330098457,0.29615031937583475,0.08540443113933176
3853,7.444399417460291,6.729447998740825,0.4469349225314239,0.27253814936702464
3854,5.670770326138151,8.099093320805572,0.28078281003530453,0.34670627392739045
3855,5.036496517376432,5.621870636298454,0.22687319109468781,0.20249357820445585
3856,5.608932663735639,1.1916300714973511,0.23256455368017312,0.04657708056710942
3857,5.190430217858596,3.3456602030615525,0.2664560989606441,0.09409103037096028
3858,6.25820246180366,2.6499559859884343,0.22653859199129908,0.08635720125675633
3859,7.194608140416433,10.852616867714165,0.2631375932744517,0.5393165364685207
3860,6.50077557312856,1.4799920513664966,0.28032340329777405,0.0495562172876769
3861,4.717935660967155,2.9669593991735925,0.17300642441941347,0.09064374372122555
3862,5.129202164158863,11.264951613076459,0.2767280884631803,0.5668894448679946
3863,6.048383271897515,5.800335129422808,0.22981615125026125,0.21541591320110567
3864,5.554227033732746,6.577867817652646,0.3153809565430407,0.2698842946107324
3865,5.103240579921473,5.416168783229668,0.2417042713628467,0.19750009334689947
3866,5.149424386530083,8.468977026099573,0.1884817350626359,0.36175124885897975
3867,6.4631876958380845,14.731867000511418,0.4684331694450469,0.748012123244293
3868,5.89473718533401,14.224276742086044,0.3082609391467724,0.7227046761709074
3869,5.155496440407023,11.633934126235236,0.33087114527583605,0.5848855553693503
3870,5.455410241392049,0.5368835924314219,0.29655916607083493,0.03571983494095792
3871,6.056836373911174,3.3907917743087017,0.32383910252382864,0.09461588244188077
3872,7.190208988459347,7.565052744210935,0.3561708171404316,0.303317204994416
3873,4.703296582662346,2.846097615268426,0.20529235661872028,0.08901718908405834
3874,7.308220189600217,11.032793142072773,0.35248974915930503,0.5555130096703106
3875,6.362434784246669,2.202950689260613,0.40500283858433794,0.07984585442301659
3876,6.045040136721807,1.5909009049509408,0.2709360810911235,0.05110890987871729
3877,4.467781481975162,4.609011037719392,0.21988836888262606,0.15977139297169837
3878,3.0533976835959145,1.0669614892846937,0.14017841962204247,0.04386207966218529
3879,6.326201721727508,2.7652557626796628,0.4294114440908345,0.08804346687191586
3880,6.3409437680091285,2.890872819491111,0.27646557011429707,0.08962876640143427
3881,5.806607100710774,1.622824724245541,0.34086685407355505,0.05160438345357772
3882,4.7526042500336745,0.5272919599047267,0.19600431595484988,0.035466331851961165
3883,6.578321022578893,5.135226161257432,0.2863139335844916,0.19003568415115898
3884,5.730016563080377,1.995412535907951,0.2597017111879478,0.07605046920515587
3885,6.222199371781044,5.865622255539753,0.21601716112146738,0.21726849765419168
3886,6.097909783072764,9.084868490390104,0.2978447258810652,0.38360323638724025
3887,3.5543323937858773,2.0801851755016094,0.1646827303630716,0.0777748712024996
3888,5.18714598423555,2.8017228455278635,0.2615972546886772,0.08855909715261587
3889,6.427063948559133,12.919503581507493,0.3470933745814791,0.6469546786796015
3890,5.975049821751763,1.7765908712369625,0.2946507923805402,0.05389217112386264
3891,5.58856163072051,0.32455002346589185,0.2078058715197018,0.030410306456638697
3892,4.240409640886754,1.7453515265048867,0.20082695995909394,0.05344202312013806
3893,6.09049946458653,2.680674109583776,0.2323795579849183,0.08681509323022898
3894,7.361917722275371,1.1791196018949828,0.27133411045000005,0.04630558786052866
3895,5.241620575834511,10.17856728668267,0.3168436214656997,0.49184394024480044
3896,7.290246728599739,17.689406029672856,0.44484822973737576,0.9471078642072633
3897,8.052216968947477,4.7118716717005364,0.3265710210749954,0.16210220466944741
3898,4.714632311747933,10.235536881295301,0.28661009411339394,0.4944253126616151
3899,5.777513077182028,0.6711457662067909,0.2567660439076595,0.03826521389089777
3900,6.103834818710628,11.127146334597048,0.24146204590254022,0.5601420721436933
3901,5.03824335314994,5.11038713466355,0.1803795897419511,0.18935965993486667
3902,6.1674118747359525,1.1246659339405338,0.32988875729142847,0.045118307444673766
3903,6.383881086324277,5.705857779852957,0.22217108362141477,0.20459135756481708
3904,6.132492441699301,12.013176380757901,0.27566405054973325,0.6032553583824325
3905,6.148023202933417,3.1547561660197285,0.28774042327507426,0.0925111923052997
3906,6.38827159615188,0.8337932927597708,0.21431823891217477,0.04096674031069043
3907,6.679600111843063,10.307974729020351,0.24792589061400658,0.4976963576525816
3908,4.483270090595908,6.949366094499125,0.11388200554937357,0.28021190249989936
3909,4.5432183358853715,1.5808582103159383,0.23635777065191488,0.050951953461262744
3910,6.2187011342017495,7.752751055224196,0.2772675328256568,0.3271804473338199
3911,5.412259579985805,10.037076438469242,0.2552439761921392,0.485397259800685
3912,4.514574188411954,7.838037407788031,0.26098896126035864,0.3306420804614791
3913,4.914329832318649,9.305643826114535,0.23541368961901712,0.3916626808227552
3914,4.5045330333864095,4.722067663064763,0.23253711164599497,0.16233069078660697
3915,7.338470460105427,13.410952096377542,0.24357868678638728,0.6704894607790147
3916,4.097751313895848,4.690835280183016,0.1903629294887638,0.16162931176245782
3917,8.3807753506077,1.8668271228631361,0.3511999899337264,0.07329364830740442
3918,5.588260242454137,1.812343009116098,0.2855163692517154,0.054296582352828644
3919,6.786774930608624,0.8248305281212905,0.4121214931781401,0.040772072022057466
3920,6.2623578678142175,2.9007534996985087,0.38050560434096403,0.08976228566050862
3921,6.3540060630271915,0.8952339607828546,0.2844209960476137,0.042372640194756915
3922,4.952916956563486,4.9573663280136975,0.15930294557660188,0.1674679632995472
3923,6.468925502314911,20.19207800393116,0.3477110427085334,1.152019291422672
3924,5.540261266047444,11.327477493483034,0.22938241914646593,0.5699459093294945
3925,6.277113615868366,2.2432730896808457,0.2832226385026625,0.08055290259769311
3926,6.440785826777183,1.0914219476079476,0.2587577615234166,0.04439303973811113
3927,6.301533165017633,4.668516877066875,0.22872691423136923,0.16112544266659198
3928,5.5656702631289745,5.716232352492005,0.3065255405156257,0.20484862846693053
3929,5.035098735950308,4.530020175742446,0.16798240129878528,0.15795097657624288
3930,7.5574213980743865,12.239427715649029,0.3613857583624596,0.6141990676071926
3931,7.44731476577197,1.4389688847419082,0.33708054120730213,0.04892129959393554
3932,6.092388925937006,18.07329755536378,0.3910376910019181,0.9664532842972148
3933,6.543835128152577,5.136936142934437,0.39853645013479017,0.19008212808968092
3934,7.006675687093752,12.705755738221018,0.30461189213262346,0.6366806901460726
3935,6.109004813597012,4.130119417671484,0.24578104792739847,0.1369908523202095
3936,6.169476082090205,6.954669989523094,0.22088250893199796,0.28040992727383585
3937,7.792367119608779,1.9279203533254685,0.2730421461495367,0.07462509192234913
3938,8.278302351729328,9.04727228525399,0.3919196562259198,0.38220575403226253
3939,5.305090878672855,2.251945426823475,0.30956367845139304,0.08071170634314062
3940,4.82218548870214,0.7834701706476249,0.23695760621135983,0.0403227338500637
3941,5.67908645781204,1.8086762286305256,0.1557353222839392,0.05424548764618074
3942,6.247781578657807,5.946711896144057,0.30596870524409686,0.22181470872689327
3943,4.831310419573266,14.761678692996941,0.21268613712499337,0.7494921229754482
3944,7.117983751963256,3.4265294380103932,0.33485113425427554,0.09502709720841006
3945,4.432988172899429,1.8197467903013025,0.2248822345817053,0.05439943901024889
3946,4.625432131857036,10.251058511112245,0.25663510715275284,0.4951272579727184
3947,5.847200985308382,1.7265077040651031,0.20061785926219253,0.05316675245519833
3948,6.968659417414933,10.945990097197537,0.2974082183061528,0.5437523579164949
3949,5.1212004736063745,7.5320104675204655,0.2612756379797876,0.3020761809158096
3950,6.324509994900216,10.264877004448289,0.17240012279474107,0.4957516990483593
3951,5.012063901714092,6.621300660312024,0.2031400213368966,0.27150753048142523
3952,5.2289807085459605,0.8244728640872371,0.14159120301570044,0.04076432871196346
3953,5.679346615667085,12.292778008051382,0.37458611887116083,0.6167760478531555
3954,5.807911392104717,1.6655904662452987,0.23835984574924957,0.05225912381063559
3955,5.888475473406014,9.08875853667111,0.25442974479531877,0.3837474157350748
3956,6.599684167585904,6.273330263097664,0.2852345597397208,0.2597761153337627
3957,4.257462505609709,0.6633990708157915,0.24475189073670864,0.03808952384142468
3958,5.1845651405163755,12.387695591773005,0.2036303100825196,0.6213576327248793
3959,4.405015396415119,14.036244200937853,0.20617943087089005,0.7132871246983539
3960,7.294888524678028,4.255362521094926,0.2925804786289791,0.13948916243809992
3961,5.746356559085386,1.18304395717935,0.2538856271106668,0.04639082266708606
3962,6.793926902833485,1.6275449532908266,0.2730313073500572,0.05167734905310899
3963,5.103257641548615,11.813863088785206,0.23465294773742348,0.5935929195388695
3964,6.151550905635071,2.7315781458594444,0.28713086617751815,0.08755992345933619
3965,6.788887518237761,7.04833794706003,0.20284471259237458,0.28391176370276816
3966,4.796420747002691,0.7365411294976268,0.18940862072055145,0.03955346804939568
3967,4.772569920476571,14.409933156191912,0.23074300374205667,0.7319827637732744
3968,4.968645470803867,1.176368073814629,0.27760792855721816,0.04624578979631485
3969,8.094850585771391,2.899981965226537,0.37176148278104,0.08975187888635433
3970,5.5181142435359485,7.049809137505776,0.21439573700658957,0.28396683199880973
3971,6.70071909842084,7.155520803628193,0.4277201874978347,0.2879284511425681
3972,6.083369825238998,4.0359677046621,0.3565812645733386,0.135104103979873
3973,4.724029084182231,2.231637811096617,0.15940940046986005,0.08038077507683769
3974,6.0933353684248255,1.084216888891865,0.3765859477989685,0.0442363020200856
3975,4.76301490732427,0.5879846360690187,0.12888224446500124,0.03702298382898867
3976,7.874029335672383,11.138431447657169,0.4546620148464261,0.5606952163878357
3977,5.9625924854232375,13.451378946082727,0.38890680771549513,0.6724189367668757
3978,5.21529911962756,0.8385789990408427,0.16558545456602985,0.041071197292196826
3979,6.13574576862748,5.288328748835324,0.2766517224911187,0.1941449839826989
3980,5.257582330391156,2.600267468802556,0.29034531898513266,0.08560256824767098
3981,5.908897462515761,1.9551201195183998,0.2995103438144308,0.07520526631145089
3982,4.960697902511785,5.166774992631125,0.19623541325734742,0.19089058320366495
3983,5.2613760796051805,9.71347545880512,0.21567689349168706,0.45019791803891346
3984,6.605787254941217,6.603741811422358,0.3119900272308902,0.2708510126373101
3985,5.14649395756823,9.832264331680676,0.18760996532520077,0.47596780142758205
3986,6.862712430582801,9.170724030205566,0.37807192614343316,0.3867671708007523
3987,6.633204657923714,8.283812722920214,0.267062412374565,0.3542806309437257
3988,4.1410889364573835,5.167417796368118,0.17376328787781212,0.19090795801948093
3989,5.022728998658603,8.246921097291096,0.21257959877337887,0.3527768753018577
3990,8.403609089761643,12.391759069541521,0.3670160524943114,0.6215536821048796
3991,6.090830228979634,2.4446954774710177,0.23173493425726072,0.08406625190873614
3992,7.010658473974356,5.8933713145708015,0.2952347159617457,0.22025730936858987
3993,4.832333441764387,0.5616480505147959,0.20833539598187573,0.03636005542537632
3994,6.823439192370729,0.7520310346603724,0.30336662164558387,0.03989845355589487
3995,7.826940657754316,3.253180767036182,0.36686253711952016,0.0932286263283909
3996,5.530647811998734,7.6982671777343485,0.22930137001039336,0.3249625085809395
3997,5.314069031215699,13.52293115209052,0.20240551083763883,0.6758311427885878
3998,6.03969138304856,0.8544169600057362,0.20418696413404672,0.041424529042424926
3999,5.817182856355369,7.809607901697911,0.2880583320051616,0.3294896992508454
4000,6.330826159067864,7.702922298893149,0.35308213170928215,0.3251521843629454
4001,5.969050972496032,13.48408788620729,0.27734144719984827,0.6739792248812185
4002,7.704424783336248,5.4849004350259145,0.3093888896225496,0.1992756216614091
4003,4.3459603401003735,6.928993996038845,0.14277869673134416,0.2794515738075975
4004,4.345993742192166,0.5128495079187242,0.19511389789551992,0.035078029143220196
4005,6.481093102612285,1.9606924117712667,0.33670073436046377,0.07532316655738928
4006,5.0186300518486195,7.4087346203899935,0.31114518871607055,0.2974425040595993
4007,5.205645052123173,7.504922778903294,0.24618393798198562,0.30105840716773385
4008,6.593195821214919,2.42502788022429,0.4096429956470811,0.08373857731864344
4009,4.226127724005075,2.7488020848232444,0.23623756137962698,0.0878081229480439
4010,5.666643502756171,2.3106948608623843,0.2707551277124282,0.08176913807302928
4011,4.929774394621819,6.168866493128801,0.3018993416271804,0.22803170230551312
4012,3.6187514035818547,15.831386603500599,0.10098092841178906,0.8015082468028921
4013,6.212515041490986,8.996063499328319,0.207988571738261,0.3802905556378627
4014,5.255385791839587,2.6254396316196322,0.21963225827328836,0.08598705713759269
4015,5.093117813074669,5.458083739505833,0.3248771926970891,0.19858519951427894
4016,6.270293808704994,3.4718681603704638,0.25955608226912413,0.12392422694161749
4017,4.738819526716702,18.243566965523407,0.23612872135375046,1.0022544717739927
4018,5.3694569849435405,9.473756329096068,0.09718469894020633,0.4419549200087787
4019,3.50424911178967,0.7068571979419523,0.15725108751679426,0.039073584081427123
4020,4.814988892929581,6.539548769692922,0.11346763035104768,0.268454118340889
4021,5.847985758182893,10.437899321920055,0.3328870518796342,0.5035333761842716
4022,5.572307548984997,6.063526606051686,0.2783500136950909,0.22497552118207306
4023,7.3640260033407134,10.433756243881273,0.2820011572641433,0.5033478157219408
4024,7.328721670790794,19.059104631431374,0.3904454417713571,1.073491223285719
4025,4.435681275857498,9.36255962471757,0.13555542933587209,0.3937002565250956
4026,6.009546429094694,3.016823942538277,0.2900747219957824,0.09129386864850514
4027,6.057923161274819,12.165494145082306,0.19432490159025007,0.6106256518143943
4028,5.91357341138821,8.538400515177976,0.24774254341829943,0.36451627573305817
4029,7.619075015518195,18.02596893330905,0.3194000096622173,0.9640743005518819
4030,7.117438235712677,8.468080501075665,0.37764487623910276,0.3617154085695861
4031,5.169920215411985,3.405775118270309,0.24131110962862828,0.09478874600812753
4032,4.6610291724592585,1.889706327922438,0.14168284342178042,0.07379685925047066
4033,5.580099901751381,1.9863436320454275,0.26432442352903646,0.07586171240233239
4034,5.40989272315375,11.800960055081497,0.2949359193471193,0.5929666428999518
4035,6.355794214915696,2.3195505088955723,0.2669570013482215,0.0819257958069298
4036,6.498399834888852,11.950725485602522,0.1865216937474861,0.6002301167279956
4037,5.569818255660944,1.2104781733233396,0.14277210011866273,0.04698449773715729
4038,6.568740705327055,1.015079192708228,0.260414184682581,0.04275241225975439
4039,5.8906754434807835,2.1875778626213376,0.2865596553383299,0.07955608682502874
4040,6.985786662932356,17.80365422775697,0.28495006107845444,0.9528771727422347
4041,7.348905738901667,1.7889273102054828,0.3349087829693472,0.053968529511141804
4042,5.00367046175403,10.926642382274732,0.1808846050566952,0.5428341502030395
4043,6.919663337786334,2.372750424539205,0.3417260608718872,0.08285219041897969
4044,5.78657337007101,0.32636160304451667,0.18312437363334652,0.030476899171591663
4045,6.515496255228,10.131802475405257,0.3426731113395362,0.48971894479513683
4046,5.695138147237959,8.426158763433044,0.2265018509674546,0.3600358144329268
4047,6.763724429659347,2.12532732001434,0.21983158876646533,0.07835911566723047
4048,5.599049310233368,14.91282688807124,0.2569441619800032,0.7569831548948402
4049,5.835283374049575,5.72570373349562,0.20215452427471006,0.20508315113551193
4050,6.232219497075488,2.0776908351718597,0.25366598180356675,0.07772501997491292
4051,5.7354349830793305,5.186692262998566,0.32989768886827675,0.19142812999237255
4052,7.3673814815095815,1.4345452219267711,0.3575594746714294,0.04884529074862797
4053,4.987469851956331,12.272588494854013,0.2828499419280817,0.6158009881910388
4054,5.3664357345652265,1.4880337099996443,0.25673428631388834,0.04969008461920525
4055,6.896974859012722,18.358050380780526,0.35110454028440424,1.0082564449692395
4056,4.188252426168407,7.551607409028062,0.169097478887955,0.30281228745310756
4057,6.106260022699591,10.25385227646229,0.2406022700601816,0.4952535413581191
4058,3.895220910221551,2.5418846830608004,0.12545528529663208,0.08469325307696482
4059,5.780371915546446,1.7338675403874317,0.2785489211081709,0.05327460189239513
4060,7.062043902338378,5.36058548680627,0.32054162587887436,0.1960498088970902
4061,5.605259733530164,5.312952643220569,0.3827885799129714,0.19479660241159816
4062,6.699475549706379,5.3725214183564605,0.3205259051963257,0.19636233747861412
4063,6.011529585746689,9.355836251944133,0.24603002141726887,0.3934603989178233
4064,7.053787995462529,0.343007394774073,0.3098396604880202,0.03117182961342353
4065,5.461442871518853,6.462714166931105,0.1972324133592172,0.26559178657530935
4066,5.54789588608998,2.9423424732960863,0.2325889839196317,0.0903185614666776
4067,5.585027570194832,0.7322246409203551,0.25986217167741316,0.039457701628110596
4068,5.360521000870346,1.0881436944172644,0.1860196682895637,0.04432169556003068
4069,5.73624133457334,1.5776221754786124,0.28929629776851423,0.050901209489308465
4070,5.973654865887732,8.466683744924385,0.24343738005053303,0.3616595639371461
4071,5.180434379121402,7.98619088173633,0.22194732927937036,0.34202713130434764
4072,4.245228751612037,0.8652694022457202,0.10241241715445056,0.041673175732542755
4073,5.037081462184363,2.2899488680804865,0.20717161071004617,0.0813993534094696
4074,6.097925986959839,1.6155386691907274,0.3178229547620834,0.05149141481812514
4075,5.898152051915544,6.239813234691188,0.2827616527688814,0.25852996042836696
4076,4.352465943366121,0.6152753596414762,0.1995796308841673,0.037549030911814364
4077,6.5815356698153,0.3251512574878679,0.1967323504842359,0.03043233742307239
4078,5.614120942402651,4.516227662770862,0.24582002962927982,0.15763053058149892
4079,5.511729829498514,2.8422868020325285,0.3269705430928684,0.0889646531538694
4080,4.367356079443534,12.143404686853938,0.14304513738004673,0.6095575018010281
4081,4.117267155412008,5.921556482353645,0.15441940994653042,0.22108065229241122
4082,5.275127786584492,13.529241353176248,0.233849721632402,0.6761318887373768
4083,6.513293262164735,10.669262072274625,0.2510804598776127,0.5134990313058619
4084,4.914326411185138,9.488798571673048,0.20194706764700132,0.44262549105234955
4085,6.517747766814103,1.0163965264727095,0.3258448785798393,0.042780216116900055
4086,6.112165617393659,17.381033543147304,0.3782945987078536,0.9314801494215111
4087,6.808671599482727,7.763375841335066,0.2714990147720017,0.3276124102434029
4088,7.511760203548152,0.6306882016878774,0.30163520488531254,0.037919581944581934
4089,6.271765531967813,6.275786398167276,0.24895351660110346,0.2598674751143469
4090,4.850007201297045,8.165045655303238,0.19196318772936824,0.3494231129265663
4091,4.229009834412204,10.21095278258407,0.15577805051824004,0.49331234388475825
4092,4.499264747643888,12.834823094328023,0.1743282413830055,0.6428864782238289
4093,4.448319231357544,2.206239676409459,0.18307454600380804,0.07990755240274539
4094,4.858621642477385,2.995934324846545,0.23440477789539574,0.09102297698697587
4095,4.418486158088236,7.493407642647754,0.25493200652058856,0.3006256563139232
4096,4.824952959476799,1.1280738393132457,0.20375527883938746,0.045192742007237406
4097,7.250264189802796,2.7489449731412496,0.23094248209120588,0.08781017408351928
4098,6.516351117438215,4.951065511307546,0.23563971479544052,0.16733388367913074
4099,6.242922920022714,1.9816827234341687,0.28299661937269915,0.07576436816188108
4100,6.853165963780285,2.4004714157250033,0.29893416798050493,0.0833250978101527
4101,6.326140875310487,1.4506446780667557,0.28753465141862306,0.04912115984794063
4102,4.495934966299431,16.41703469551686,0.17863586452472507,0.8354512265366879
4103,5.134883461860971,16.1023476903598,0.28106683676480876,0.8201519460147327
4104,5.94705670571262,8.999551954081754,0.3424759032555741,0.38042145123350507
4105,4.6793049159974425,7.077322618644422,0.26084224626418523,0.2849970449081891
4106,4.954524610764206,5.624634422781571,0.2664805468614541,0.20256304292868274
4107,5.331554229202815,10.677490125970369,0.20975630042965707,0.5138634194452119
4108,4.031489095299366,0.4592718295676476,0.21770865633384273,0.03418204948863872
4109,6.234387234660072,0.7877549509251781,0.2299614190500856,0.040417437491903956
4110,5.06214976106363,1.2050294403679875,0.2463699757421247,0.04686695096806077
4111,6.016320435416001,2.7587423920921568,0.35934156745320545,0.08795050670814548
4112,5.278520359092728,6.2483082772617635,0.29547483863559365,0.2588457065592241
4113,5.06912952999643,0.4646450495721574,0.1510089234982235,0.03435133581236562
4114,7.193896462654368,2.203210809124744,0.2906645537390087,0.07985073780731486
4115,5.2524234207064,7.686626205927051,0.24104565822823634,0.32448805725584323
4116,6.875969256382954,1.9306489464320307,0.3665103051627971,0.07468364350313624
4117,6.112629248813798,14.500158783428875,0.33474395283294023,0.7364833041556587
4118,6.253732255967855,1.5357207330187221,0.33335633725408914,0.05038309011752276
4119,4.566664107913371,4.086585225477529,0.22200655038655812,0.1360824908169136
4120,7.022225587344823,6.212333384688998,0.35199978817568905,0.25750901527011516
4121,4.301193427403761,5.604645723142962,0.1951168838990354,0.20205997532814166
4122,5.7833172264029775,1.9563508240339114,0.3684664250532218,0.07523133391992166
4123,7.369463012309081,8.184930908976478,0.3467977369743892,0.3502396519187044
4124,4.341187750592552,1.07762364314376,0.1951548411206951,0.04409310229559455
4125,5.330338039756973,13.960431584816234,0.23116176513632233,0.7094850056145742
4126,6.175496884811742,13.59427783806521,0.25486884401203985,0.6792298159199665
4127,5.84415886178254,1.9642298637279885,0.33414740580789265,0.0753978442766614
4128,5.568894814037046,4.8553430845637235,0.17730984231980376,0.16527302759060333
4129,3.9857204412522864,0.32559500934528424,0.22469110906265863,0.030448642298233214
4130,6.496750741453665,13.054240984965485,0.30127035547037834,0.6534203771510166
4131,6.765314948974669,2.2235564528453393,0.3834129631128448,0.08023083227587263
4132,4.55171607849696,0.5851000586980092,0.15638033663262638,0.0369508373209911
4133,6.0465909834295966,5.311729910000617,0.30398831794129083,0.19476430613179332
4134,4.068168196407947,3.411674997862512,0.18398810057295809,0.094856630337532
4135,6.325821575695508,1.8210420954484767,0.28565583136267086,0.05441739129631898
4136,4.970401092183696,14.55771342626543,0.14399073646550228,0.7393510236553166
4137,5.966172544850067,0.43573297389788174,0.3066684955758531,0.033423551874817506
4138,6.463672978718937,5.594680132715556,0.24782625070672035,0.20180857897612872
4139,5.24149980589377,11.601825119880324,0.24847035717306318,0.5833232374580669
4140,6.869614757039088,5.529345181905483,0.24869091001353458,0.20015062247960932
4141,7.198500443206782,20.11339902076036,0.31575436145029845,1.1475828807519852
4142,5.053258961161086,1.849204691847568,0.20868366952028966,0.07290229011646363
4143,4.830590057571956,0.4751121102483169,0.18277306141040564,0.03467682071086372
4144,4.208244089597959,11.89476832924895,0.20464013217907487,0.5975176923654167
4145,6.589911049303283,11.135530822455447,0.25969259175524684,0.5605530514053464
4146,6.652667007504027,1.9453912492026175,0.29219930734881894,0.07499863983884172
4147,5.136817805334173,8.551874170546718,0.1783064681365509,0.3650505078479835
4148,5.989553869279961,1.919750973204869,0.3177729061461863,0.074449321643142
4149,4.6294149690911635,0.897407385617374,0.16322573732361442,0.042424076561524686
4150,4.781892090043596,3.228401160439461,0.23922241213595238,0.0929296629079662
4151,4.619005142032074,13.674245749756771,0.16018615167250672,0.6830345007238985
4152,4.612490296383011,17.677186573692886,0.1971574465632806,0.9464901729366503
4153,5.01815504920577,10.187544045502495,0.21420981562613456,0.4922512179231798
4154,6.498947083341854,10.377186826510663,0.34708900398816034,0.5008104544483997
4155,5.0724138581648734,10.21402801017347,0.20023829743121616,0.4934516453797861
4156,6.421190437170609,4.863738892098784,0.2821931640884754,0.16545556651661242
4157,5.937369727921996,9.42680520718925,0.28687297034518683,0.4398567819788053
4158,5.139222948282389,6.503866257402783,0.17283801217155767,0.2671239558338011
4159,5.300240287154394,1.996470788507614,0.24500817087023538,0.0760724394250588
4160,4.494749907849614,0.8881207905601672,0.25375378584781877,0.04220496255129812
4161,5.118423553069812,4.8465142113051245,0.18287605681400454,0.16508070730719457
4162,5.285534780792618,2.357410059178615,0.25455048223777893,0.0825876256831709
4163,6.016398669416886,9.259408465767738,0.2652376858038549,0.38999549848495046
4164,4.065247126933936,1.0042998934908307,0.19541241493751318,0.04252572439642593
4165,4.567417168533071,10.021940234576919,0.281868967285868,0.48470447870505
4166,4.072966960148695,3.4389128685374426,0.2412462257241342,0.09516872434524742
4167,6.696269927488523,16.05903037948621,0.2898659815508727,0.8180353920276082
4168,5.512333369735051,2.7593424141761136,0.3346353752740572,0.08795908145060533
4169,3.5309350650710942,1.1034538829492495,0.10185763825331622,0.044655238466171386
4170,6.643170478038178,12.549904003233543,0.28682309594245686,0.6291779217292127
4171,7.469481509120837,14.220057370022484,0.31190217220275,0.7224935650744329
4172,4.81828628676309,13.950951396378045,0.27171527044952387,0.7090093744557843
4173,6.210127236113391,18.352542441042132,0.2778274872586331,1.0079679181237085
4174,7.351385000880778,7.7906456928935315,0.2811149745551494,0.32872019726866175
4175,5.4367455624032335,0.5956600037237405,0.23478986200735283,0.03721419649036469
4176,6.161106724303475,3.494470219302809,0.34182491188169123,0.12443216084204203
4177,4.240348750137982,1.2253480369953385,0.18486264473804334,0.04730428793539757
4178,4.402163616459398,2.7110355848467393,0.27970241255619227,0.0872613996867084
4179,4.811142350589596,2.21379673849536,0.1581611841847915,0.08004891975320391
4180,6.249872983940936,1.0878120066011918,0.18404219131087307,0.04431447974358725
4181,4.748654358941375,1.0296283471914758,0.2111590461754286,0.04306065833080584
4182,5.731205588305229,16.922085046199726,0.30765789903299673,0.8715427819577818
4183,5.448535345502701,15.345312271843632,0.17723659399990718,0.7782851700162736
4184,3.7440178339850267,1.661450867402419,0.1585529729388382,0.05219637558734612
4185,4.5666398420950935,0.3207202388584906,0.21291234521509492,0.030271567259039102
4186,7.358548952960675,9.259929476212207,0.4505347240719999,0.39001434571598903
4187,5.001219376686373,3.1563879765258114,0.18381081726089357,0.0925313500940668
4188,5.579206163914887,7.192016536538702,0.3403072980001753,0.2892980456625098
4189,5.050234575741246,2.0245729987184,0.24388208327566385,0.07665160448323648
4190,5.7942700170533525,11.834733436582807,0.2481259006800546,0.594605706198955
4191,5.95313848857157,2.4312081906579857,0.2424752374027124,0.08384189272063569
4192,2.8629575733444366,0.5136732050293997,0.1430958209641529,0.035100398578680844
4193,5.811414212621961,2.300932585894435,0.23079066693882136,0.08159561953739092
4194,4.4424253933695494,13.667308972559468,0.23405402851521892,0.6827046674411609
4195,5.650859523468548,0.36288361242574046,0.29877368414792077,0.03209037368875459
4196,6.299539283145276,1.7604565399438807,0.2461084755390486,0.05366064114892969
4197,6.653809439212508,17.052530690753287,0.2637724130308536,0.9147342451385615
4198,6.004548245310603,8.171137828010453,0.37115974677947056,0.34967340559279614
4199,5.467534369251584,4.547137538568694,0.25711953789979203,0.15834761930342744
4200,5.905801906791373,18.484151550099853,0.2595744756881436,1.0167188611450793
4201,7.081529485407633,18.358495311303344,0.3535717135495754,1.0082797510870005
4202,4.345738316891803,3.247779684459877,0.163524694889026,0.09316365619765193
4203,3.578590446406265,10.916525277321908,0.1789248111168334,0.5423538182379272
4204,5.140855538198796,5.143194063896653,0.32461019408310987,0.19025199140798973
4205,5.218583095761331,4.532312350217588,0.24664159898392685,0.15800415852125113
4206,4.743068211568445,0.5898805833821362,0.2210584845475965,0.037070316107730386
4207,5.5737126220636375,4.558988497051855,0.31690714193442854,0.15862153922286615
4208,5.727541983053153,8.516371435328866,0.1354832025082718,0.3636411210125713
4209,5.8475784849847185,1.2126744218663854,0.24278885532721076,0.04703182300833822
4210,5.126107587478734,10.535623261473383,0.3485888055256908,0.5075618880586876
4211,6.706437662878943,3.5519854477643027,0.24142865299137925,0.12543841485549906
4212,4.7583038455773154,3.9929418752275354,0.20711131721880308,0.1341946768230818
4213,4.82596524379852,8.098483470382593,0.2341577288657773,0.34668109190466206
4214,7.114282428070578,6.7468210909891555,0.2957697879045576,0.27318397331777095
4215,5.743363348430321,13.469532915327035,0.224666604122318,0.6732850139040761
4216,5.056808405882624,5.496093964374734,0.2583932366818936,0.19956293560199573
4217,6.225863699287599,1.499844320485444,0.2982970050806034,0.049885750252129074
4218,6.846634963788158,2.339378418802492,0.3619286994991025,0.08227400094848256
4219,5.99536481216731,14.819779519404722,0.29441698253892606,0.7523742083773312
4220,6.300460042049836,6.555156733742402,0.29589643276789335,0.2690364341922255
4221,5.873934790493044,7.895870934583475,0.239088511500562,0.3329810835991054
4222,5.721377438837799,2.3717371492818975,0.2908424641468124,0.08283477852860938
4223,4.910687176573707,0.5946300379363954,0.2769124869251181,0.03718859782503647
4224,4.124258609646846,15.045271761745775,0.24475192145775063,0.7635286204419853
4225,7.517812899614877,5.955135742485309,0.269897372932764,0.22206036857356679
4226,3.6550184504755054,7.870984157683886,0.12134353368662826,0.33197547295560803
4227,4.92782964766636,17.68945708199074,0.1884691623118269,0.9471104446322535
4228,6.770168738308514,7.046134937020046,0.25058583706458204,0.2838293062431217
4229,6.594482760266499,3.0437177358035243,0.15556903392073618,0.0916396137742585
4230,5.599992430451543,3.8455267246239933,0.1945194781792158,0.13110899955822417
4231,5.9542833738592975,0.6775332920169873,0.27302429542091916,0.038409884628807
4232,6.1104374062679865,0.8338040280487898,0.34425349460928606,0.040966974219151533
4233,7.555182069309734,3.266564878151805,0.33666247792937193,0.09338916891454176
4234,5.939163417390398,1.7749984772982579,0.2705225654079076,0.053869410810943374
4235,7.565440320446048,2.0455080798031093,0.32581611841852864,0.07707774252449576
4236,5.9760660644075045,1.7670362319086008,0.32416148721761867,0.05375530744130405
4237,4.509854586479969,2.0099304019497937,0.26225756482025303,0.07635085543385987
4238,6.312228183923025,3.063926693688636,0.24141928813398142,0.09189763795278277
4239,5.945856173866278,14.868253915572552,0.24869278866347572,0.7547763525709528
4240,5.7382780889400715,1.778847258427246,0.2185630860119966,0.053924388056061014
4241,4.970961814871141,4.5296669123689535,0.1637727284824422,0.1579427784720408
4242,5.306496757971462,3.491479764922035,0.20673547773767204,0.12436502025111304
4243,5.559268331786096,2.4523336613976543,0.2696763022153685,0.08419264382959626
4244,5.236505895355008,12.124259886218399,0.14822929054521453,0.6086315518991223
4245,7.613212583893794,0.7224596652091423,0.3836674254864446,0.039241506051478095
4246,5.276629118502208,0.833902126089152,0.21680092506046136,0.040969111736288255
4247,8.477794436241163,7.723513639780877,0.4972799205701791,0.32599081243353184
4248,5.621923810199398,4.7069923569059275,0.2694622100001916,0.16199269593480228
4249,4.997378741784233,0.31993325587516536,0.17569546896775362,0.030243391484760185
4250,4.507917477993457,1.7100880033972663,0.2143781182198984,0.052924846089905636
4251,5.034782177494026,11.6491668350596,0.3248277136718809,0.5856264994544399
4252,6.6984638782022,0.3285532238649299,0.34382042062411183,0.030561487903201772
4253,5.426826380818472,0.8895047891442468,0.22902878535733784,0.04223750752922365
4254,4.945629438335818,7.89870701367419,0.16349842183928417,0.33309559200782884
4255,4.711878377551987,2.118438384119537,0.21636080561773235,0.07822485061997081
4256,4.67345228666077,2.5649967070507627,0.22319858208575577,0.08505607381342951
4257,6.632448340957098,0.4439093344618629,0.23987354094992167,0.033690004976909
4258,5.482780617226497,2.900767437238019,0.22941614745790298,0.08976247362613472
4259,5.0352440108185315,6.908113640060902,0.2685314761644019,0.2786727424153671
4260,4.729746610552538,12.200180689865466,0.18089719414701602,0.6123024710662875
4261,5.863442578543702,1.1280731952030743,0.3323830867773246,0.045192727938723184
4262,6.414239726552546,0.44885554491340407,0.25218723202690946,0.033849694917676594
4263,6.053752761854002,2.899828189502216,0.25635723418279854,0.08974980431082125
4264,4.459085384436242,15.25741265629051,0.19863198057188297,0.7739729768403445
4265,5.751294352926306,4.183726679366927,0.27300629496589734,0.13810263815121046
4266,8.036094297153781,6.529368306525574,0.38847835031753447,0.26807445682941594
4267,5.77977031341976,0.7269926263095637,0.3482526196334467,0.039341795320778514
4268,6.088826672356572,0.819796254732046,0.19773744286479392,0.04066325156237037
4269,6.001211640358832,8.015834790091713,0.297950464415953,0.34325889665399734
4270,5.4340446501527815,11.842107213534241,0.23276449567973986,0.5949634785934317
4271,5.461252692958684,11.087032674752713,0.1576454233625376,0.5581750041859445
4272,5.720561223794632,0.7825274303886838,0.22700585579895163,0.040301930491077984
4273,4.629279824928688,4.43908611451433,0.11724149354498585,0.1431942215913032
4274,5.934835414401744,13.856029843523714,0.284403868501832,0.6896371679352288
4275,4.610689567184386,5.427350438564304,0.12895238902571401,0.19779028212321098
4276,5.7802559677146945,6.556439227707813,0.2797151683105957,0.2690842959016319
4277,5.169070325625414,3.7861918992887493,0.24028820145416072,0.12982820206045373
4278,6.066422545180509,11.03917659143802,0.20447504237595446,0.5558264351291056
4279,6.14268084160898,0.7308849543999875,0.3064660700504649,0.03942800623372181
4280,6.137159784583413,1.191924992222118,0.2910093705488291,0.046583472247835704
4281,5.601135595356705,3.754923707597873,0.2564000506490883,0.12915032584102001
4282,7.80351433615429,2.7960421511227636,0.2758060153649921,0.08847930704395515
4283,6.1969513877971965,1.0932635524677843,0.21876534929495592,0.04443313820849979
4284,5.331026896055063,6.5180338915549205,0.20227941286438889,0.2676519087898548
4285,4.565757725839723,1.9285160612824823,0.20512959239785378,0.07463788160609744
4286,5.605401549148411,0.6227707086083525,0.24342513079830083,0.037728365349286815
4287,4.336393914582573,5.700959944490978,0.16453886086381897,0.20446975981997137
4288,6.367807033048056,5.3842886593018005,0.2627860460002322,0.19666986167738945
4289,7.20217020684431,11.120537827714811,0.3706179078050181,0.5598181033652171
4290,6.5485963927709525,2.75172488746834,0.3310977316957256,0.08785005352563602
4291,5.454880744775177,1.228010530505859,0.25333717018992874,0.04736138947310438
4292,5.57973816205603,2.8521621128758774,0.24591811295980356,0.08910062230823357
4293,4.718131786185982,2.1616958535114024,0.2264691800394152,0.07906302119376712
4294,6.242772917093784,5.309154883461889,0.3007490772764036,0.19469627073233303
4295,5.604525149412425,1.4361129628219858,0.3455766650263692,0.04887224624177964
4296,4.297252086209241,1.5939116976164711,0.2570047963633079,0.051155811441242455
4297,5.191450666816297,14.111880762282421,0.13540721246886714,0.7170776285648571
4298,6.612859443414613,11.298591758356629,0.29164737395459484,0.5685342574799374
4299,4.795419515199419,1.6817570101074064,0.15312843790928013,0.05250284266041409
4300,4.134630746200223,0.30963716259581403,0.21406899207769262,0.029884545569942828
4301,4.200981356811337,3.6776751010311264,0.1756839253102519,0.1280429651086519
4302,5.835988736736996,11.287464979483868,0.29620754292610924,0.5679903184189222
4303,5.876535364553783,5.418842776612268,0.26646295348485716,0.1975695368837748
4304,5.96615048705127,5.339786777040655,0.30138086253106133,0.1955037816908077
4305,7.347794448348504,2.13733081757946,0.24732311075556854,0.07859282629860784
4306,6.822856980485951,5.042733725879595,0.20964259009294536,0.1692651913053486
4307,5.363871341095495,3.00251773756782,0.3176237299942251,0.09110857345475604
4308,5.4457238176841285,2.4426190003814443,0.16385346854705524,0.08403180835428364
4309,7.773221197631213,14.66107671102173,0.24301414418712378,0.7444946116693878
4310,7.140414253170506,3.7861041198138863,0.29062961779917923,0.12982630185784774
4311,6.051054786686804,9.436132983532053,0.24706882054345883,0.4402742369157926
4312,4.6301168417717475,1.7512451648568526,0.16208764925910701,0.05352753773532261
4313,6.747124723352139,4.076369028394048,0.2627308438305482,0.13586863453751905
4314,6.025051891405338,1.9712536488914172,0.272925472517125,0.07554573234393991
4315,7.028704604213937,2.135967906230839,0.37292634166201394,0.0785663510030155
4316,7.360057839384327,1.159665065824297,0.3156897751061076,0.04588221312059919
4317,5.586657779849145,11.633998767784409,0.22971541240699142,0.5848886999504205
4318,5.3837068058333575,2.2715933735016067,0.3201284898937716,0.08106889235889893
4319,6.056244338329779,0.45130501072459234,0.18497858023874877,0.03392833817988175
4320,6.82466532300526,0.7283841866630624,0.3305236645410509,0.039372606061464
4321,7.03413349472946,5.024850409580921,0.21825906376632226,0.16889169070560095
4322,6.180088918205546,1.1607252576248022,0.3123256027726585,0.04590531681421816
4323,5.512985488745729,14.470910120577518,0.2567050708023469,0.7350250005357547
4324,3.9095948421463533,11.152811822088479,0.16436205369426318,0.5613999202813428
4325,4.939130189732421,12.860718467101176,0.21671903442191562,0.6441309036514357
4326,5.256804252515524,3.925925203809179,0.2513006499658366,0.13283258969065162
4327,6.759328384186198,1.7989010533080942,0.3797465563080704,0.05410877448461089
4328,5.352540202788633,1.5131740322069203,0.2636848752757061,0.05010523716292944
4329,6.78671932029135,5.848289229971449,0.3008414764168373,0.2167774146059606
4330,6.655975799045179,10.558177823381987,0.33251255045406486,0.5085664387074895
4331,5.513430326860779,0.5377381447845635,0.2870456568514084,0.035742260307978384
4332,5.583469966330226,2.946259367806729,0.33773435374170363,0.09037048581373341
4333,5.77630655792174,5.862831630142753,0.14094041275730226,0.21718946877945225
4334,6.738789881234797,15.455537439379011,0.2013009570232214,0.7836794329811804
4335,6.651713157962186,2.9435926194721476,0.2685826693672578,0.09033514261489087
4336,7.27597391861348,4.822564092286775,0.3162392983208659,0.1645571198330267
4337,6.447838410736761,12.42820497481307,0.2544686006746277,0.6233117454213737
4338,5.105205078988869,2.3678665466601596,0.3055998652576787,0.08276818465003387
4339,5.642710944896957,16.223867136039683,0.26585238322263904,0.8260758855330026
4340,6.024110753721626,6.581138719641719,0.27657459265030615,0.27000645790968286
4341,6.5702751842407,1.4915525354113939,0.22205098704038667,0.04974849800591003
4342,6.295621625482521,4.993221182378362,0.2778201428491773,0.16822721124193743
4343,5.008612531847096,3.2695207185958433,0.25041129187392464,0.09342453754442717
4344,4.393402462496712,1.0016586800248528,0.21916148080797468,0.04247040700932353
4345,4.82868238524908,0.8939882360908863,0.21815507190097314,0.042343201462451685
4346,5.533596834906782,3.2996276466113286,0.16352303478843336,0.09378237114659403
4347,5.44773194598575,1.1789591429912325,0.1846560197573928,0.046302101469490584
4348,4.48089719438008,2.1664254531208327,0.19301744487088918,0.07915361305816758
4349,4.487854252897465,5.392450618406378,0.20530374922747716,0.19688282374170457
4350,6.84452262698683,9.784161348400923,0.2514187259426165,0.4737350349112136
4351,4.934603519016426,3.415649255023633,0.26141862789207415,0.09490230085972218
4352,6.267115009235112,5.101209096034035,0.25727738123628147,0.18910921482586757
4353,5.476879624069448,0.5913219158165959,0.265278062051769,0.0371062541333462
4354,5.269344357590323,0.3389118889705345,0.2793514422048029,0.030994185860928888
4355,5.377403625713177,2.991000416729367,0.295005423357049,0.09095869028514067
4356,6.928888688638527,10.264618638589706,0.266211861307365,0.49574002794844796
4357,6.846277738889816,6.105440597142285,0.3567910287986581,0.2261923055069548
4358,4.14257802707605,8.230254457763605,0.22689468597488252,0.3520959779051675
4359,7.17984193122122,10.39012622740971,0.3194003677824368,0.5013914550569659
4360,5.898932560245105,0.6242667151764106,0.3240965776577376,0.03776453920607622
4361,5.066006446583477,0.5316101720533642,0.2176544109697848,0.03558087522418933
4362,6.127464616615311,14.915169487455888,0.2880139616499877,0.7570990824788641
4363,7.001570408542441,4.549032596379086,0.21699632380223086,0.15839145928525894
4364,5.805567227713602,3.0812469526281543,0.3151001288749024,0.09211735077753619
4365,4.449738518185044,1.0750245630382516,0.25146750005359625,0.04403672003820856
4366,4.16008431144254,3.4396677216340947,0.16691159102119998,0.095177343479871
4367,7.477746863451694,1.92707948257998,0.341583179421394,0.07460703231995797
4368,5.78538439399519,1.6635238965994863,0.24021650147687273,0.052227816096576694
4369,4.755930722376633,8.995268531530067,0.10437053171662242,0.38026071770846276
4370,5.10271229442214,0.46678874459266423,0.16838508242840866,0.03441845799573631
4371,5.846962491547285,3.8688763092931633,0.1878210761395029,0.13161099965207243
4372,5.947057277888178,4.273468704021574,0.31854078793333424,0.13985884002413526
4373,5.864220670856528,4.684398644106825,0.25129663049667655,0.16148422234165452
4374,5.417566243351669,9.345845656996758,0.30590674064875384,0.39310356985285316
4375,5.724131337921762,4.674292904888478,0.26271515452432026,0.16125605593893258
4376,4.774560710546557,6.350587855983291,0.23588903015537122,0.26265272168810316
4377,4.670009412451898,12.15455104571084,0.13705610247239441,0.6100965205258386
4378,4.791050019461902,3.3728179164881964,0.1513714996739439,0.0944076200687813
4379,5.07539653698729,8.656933338646692,0.2119801381706223,0.3691886369947296
4380,6.273685079750586,9.851885053223171,0.22083696711838408,0.47687647557896384
4381,6.01620064255354,1.1197921503216794,0.33478733883095135,0.04501186195911912
4382,7.23988525712688,3.756640467161309,0.33399904654278356,0.12918759605603408
4383,5.180626702730391,12.145248032637035,0.17765886625333868,0.609646646966605
4384,6.411906984845369,4.307488180616807,0.33491152666884977,0.14055083181612196
4385,6.83833505050221,7.388909038641462,0.2711942194860509,0.2966970608642255
4386,8.79702465300509,14.345290507337786,0.43518582045489135,0.7287548146611179
4387,5.905860931863327,1.9829821039678905,0.37374396603165577,0.0757915288493538
4388,5.882091596021903,15.212811994563333,0.2514519479798118,0.7717814159426563
4389,5.553255158068131,13.101143658133758,0.20964867341835147,0.6556689044853006
4390,6.145737519955788,8.14358318018267,0.23860432970055417,0.3485404246603699
4391,7.79994824902876,3.5159018141173823,0.34117270971867214,0.12491277232865317
4392,5.845130440660744,6.196742552422893,0.1974255385383575,0.25693005964938936
4393,4.941688330388703,1.659621043822281,0.241589051339937,0.052168594558126134
4394,4.0414982554044325,0.4265768793152596,0.14899716757155346,0.03312306019898645
4395,5.67421394853548,9.906460841037765,0.2935663872104251,0.47939788041595593
4396,5.723939307675417,8.100625566065233,0.31936935207516637,0.3467695388979323
4397,5.872268815360793,5.319406783445478,0.27440686774138956,0.19496697174006797
4398,6.219263947044818,3.678991546535762,0.21248459134824166,0.1280718257651798
4399,5.721295689300042,1.627688366649108,0.41196777867500084,0.05167956323268864
4400,4.618914204952181,0.6692704063823046,0.16392957997555033,0.038222709216807024
4401,8.159419944138582,13.239420197916443,0.3546925607851004,0.6622908433666682
4402,4.827263185073942,1.9243094833712242,0.25766494401238077,0.07454748780320042
4403,7.325658469583227,0.7409132914612108,0.36944808182661765,0.03965061896530334
4404,6.811610851904662,9.856791892606562,0.3800640979955454,0.4771035377664102
4405,4.081164976894296,0.5681754524602235,0.13022367445255587,0.0365257858460594
4406,5.54960263556664,1.517350433197954,0.13975504243393963,0.050173712396242805
4407,6.196190102122832,1.6085322251198868,0.23574443880627768,0.051382558500195
4408,6.083545384326707,3.436135262251557,0.35971112146034356,0.09513699505086595
4409,5.812931257808558,1.231013178483227,0.18108709314111274,0.04742572778990488
4410,5.920770832370526,3.050550756273729,0.2579118833848358,0.09172705542299432
4411,6.570151740984838,20.96380250211618,0.319556526276803,1.1953688015004422
4412,3.6104473638117804,4.56744831168914,0.1573337766348377,0.15881672825775942
4413,7.4544156378160205,8.108765274188961,0.3525239732692848,0.3471055065552514
4414,5.588283938873326,1.2683710696101538,0.22400784231977602,0.04788871209652148
4415,6.615913454886765,5.114625428370985,0.21381691172318798,0.18947519321541834
4416,6.2179915087056115,6.933462589392183,0.2059016516373688,0.2796183127825547
4417,7.000668365264526,1.0784476075961509,0.23995368523334032,0.04411098497618142
4418,7.071409242090456,5.718659277433988,0.3352852518528288,0.20490875384227847
4419,6.586934216252015,3.726008267956365,0.25859285087666617,0.1285216806895156
4420,4.0194923144401065,0.8334701514720958,0.16356972926069296,0.040959700316738346
4421,4.148695517046673,12.65038065349053,0.21518253217546876,0.6340161584868103
4422,6.618036510134396,14.36249806265181,0.24080086442843932,0.7296143542551349
4423,6.8573232309100485,6.2118129940820355,0.29946654282580576,0.25748968766972946
4424,7.752979653758227,1.9058555444560439,0.2687964954239303,0.0741487410518106
4425,5.171344834559327,7.504502441535897,0.33707415487111486,0.30104261131083915
4426,4.742697486395376,2.0027811142817433,0.20549333350410628,0.07620320502492547
4427,5.731526133128587,6.3464421699961955,0.3021636502380684,0.2624982039218915
4428,6.547915508892983,5.67590185517611,0.23163516243951734,0.20384623053642822
4429,7.64358079219768,1.4850773388949388,0.46008317278992494,0.04964093116335968
4430,6.463733701627163,1.1378167817170017,0.2872146179854456,0.045405525714147736
4431,6.493120316549709,8.32688791776915,0.2754617317051453,0.3560302931858442
4432,7.643902103211706,18.08545834618166,0.2887738031928169,0.9670642869964885
4433,4.690020383530175,13.135437407848805,0.2310318360046842,0.6573122035762409
4434,4.371610925363779,1.0539255983628537,0.2277600646490011,0.043580738702392666
4435,5.0903287605464085,2.380361368590322,0.2725671679907691,0.0829826900703535
4436,7.167290523716752,1.8682533321426629,0.3662076282435098,0.07332517716737205
4437,6.197051183048509,5.689306131708105,0.30878041647194954,0.20418006943682615
4438,4.537627320751741,1.8140118140301178,0.17755306825320047,0.05431980244222784
4439,5.952253859598818,5.445102860367908,0.19875651266577712,0.1982499271445961
4440,6.158894494458445,5.337169255928919,0.2273417953251984,0.19543493450627128
4441,5.268070988632895,4.2996547904728555,0.22309807558493536,0.1403917958103479
4442,5.977967807701483,10.581552067795098,0.21192201707827796,0.5096064027903208
4443,6.0726987458789035,5.159061030423074,0.37898035040305306,0.19068194068464442
4444,6.987877415611757,18.083147696108455,0.29977659645033344,0.9669481996664225
4445,3.738970204348804,7.230158671680016,0.1057047492547141,0.29073025970179445
4446,6.796801683301196,11.216792147301911,0.2612136939440264,0.5645331667919753
4447,7.057214817721625,3.5809212798426278,0.2252027510770164,0.1260809895282978
4448,4.229163242787168,0.6798235867499461,0.30169077908792213,0.038461727516788814
4449,6.206268157623971,4.854731354274382,0.2335587073964356,0.16525971428346917
4450,5.584904208783742,7.825954568866559,0.17559897930008614,0.3301525039901356
4451,4.824781169217061,1.1308585390260353,0.2459406337436182,0.04525356410632217
4452,6.242904650868561,0.6734111292363638,0.19743582490543213,0.0383165383807621
4453,5.595532080792975,7.377497702205775,0.2236167586046651,0.2962679942905385
4454,6.107255774891167,5.314290786158742,0.28432392662354017,0.19483193976139865
4455,4.2879955285031555,2.5741607221512384,0.19080762694276754,0.08519894604637906
4456,7.534400446959408,0.5781158251198978,0.34802134272448154,0.0367761024680108
4457,6.09635541510978,12.490134604415339,0.27433728755148323,0.6262977215199214
4458,6.035438747274337,14.841200278032534,0.3017196514767981,0.753435988449887
4459,6.294050425646453,2.021269194517631,0.23850750354420353,0.07658394080619593
4460,4.716599585041064,1.1400806214668655,0.29229452336096945,0.0454549566343025
4461,5.913988746717872,11.170773198098276,0.18293498218380208,0.5622798663588825
4462,5.019167315875997,0.35496396240366873,0.30449571218416416,0.03171304709839579
4463,5.09486331158962,5.261505347003486,0.2902057861098134,0.19343222903193877
4464,4.403725324766109,1.975634097180818,0.25466987799640056,0.07563770282094216
4465,4.228540565777765,2.2747450293809774,0.1887822646344681,0.08112585370380888
4466,6.073158624398974,0.3642181774665069,0.2433420690025617,0.03215575153242254
4467,4.15691845617572,5.441987270672714,0.07685826418093183,0.1981693531952201
4468,5.924008582760661,0.8867992068473881,0.366936993533788,0.042173921325699804
4469,5.914020647370788,2.1823962342354783,0.31197397574762215,0.07945789883118777
4470,5.220160327384839,0.7376286540527177,0.1566805466406465,0.03957761850212572
4471,5.915255579056462,2.94066885107105,0.3299146019439103,0.09029635098672409
4472,7.315121016746166,6.1229832258791275,0.29605149478542125,0.22670125670044047
4473,5.164677846847735,1.90667946187587,0.2555748693141979,0.07416662028137706
4474,4.984564661260109,1.2879326408920078,0.326098433235009,0.04828976630145511
4475,4.992556084985728,1.718647516847526,0.16608972087880502,0.05305109236382604
4476,4.237115195189918,6.996922368101079,0.24326598741528258,0.28198848968926843
4477,5.886945698073419,5.940137037913952,0.1658002282733066,0.22162291677810464
4478,6.95617290894436,3.915909454143846,0.322177024396705,0.13261863476738653
4479,5.706499759539037,4.591169690251166,0.23412765793153872,0.15936247134682316
4480,5.300883784618754,1.9923313064639532,0.2661335812988977,0.07598643381948332
4481,4.8660951167144155,1.5578645176917134,0.23366105288480046,0.05065345144026896
4482,5.309663820706384,2.7662382858357515,0.31034021415496704,0.08805746664904754
4483,6.50226154735635,1.4685548797941343,0.2753104020961003,0.04936492923282214
4484,6.62013397009122,3.5570691257435723,0.2670812509933976,0.12555143431673782
4485,5.924149898156526,3.636985308143403,0.1688026500144,0.12714916535113083
4486,7.267671414488493,0.6672847774334338,0.3615310970252766,0.03817768749736145
4487,6.331480248396416,18.83700764849831,0.2982497952634871,1.061204266392288
4488,4.927811993264656,0.3167565545856602,0.15870487005033254,0.03013077444150232
4489,8.903969125928072,10.853876834949826,0.4034561078687185,0.5393764690958988
4490,7.111173087556275,4.102441279722927,0.37640347601705443,0.136413890867147
4491,6.556715765306945,2.581281306997395,0.23028520774545583,0.08530953008751482
4492,5.903989132926376,8.910866784026167,0.1959456095717869,0.3770744589377463
4493,4.5191264254604,3.8169886498022367,0.1575235922754935,0.130493892225951
4494,5.3025138039283854,1.6882732496989177,0.1817532741483567,0.05260047895245733
4495,5.564290107953741,11.588029165475948,0.26158849111711685,0.5826517683858666
4496,4.096525667307876,1.9524353862554635,0.18562177823046064,0.07514834577243427
4497,3.7653120776849955,0.4726471102595278,0.157440875274518,0.03460067843290147
4498,7.299774842147184,6.968261720626971,0.31819378607403354,0.2809175189511218
4499,5.656389573173661,9.601986797101294,0.2551487416244474,0.44530134814676553
4500,7.1625586132195105,7.9585584911796055,0.38022246761277995,0.34087705383882516
4501,6.0535827554006225,1.5933379182032283,0.25156327257898586,0.051146878686576136
4502,3.661998937429821,3.9608768492642557,0.14682142943306273,0.1335774757810482
4503,4.314324406471442,5.36788259453699,0.16855629121204044,0.1962409465850314
4504,6.108542056517238,3.707784955171076,0.3386309043520384,0.12812461868534483
4505,4.777441735032085,8.622892401045258,0.15066479084503898,0.36785323245183704
4506,4.866509013729861,0.3690335485973603,0.16648712774250488,0.03240182347559904
4507,6.202798135305411,1.6716313020305014,0.3533731536681921,0.05235044087805131
4508,7.541312053101927,16.836657835160686,0.3642345457788595,0.8673246721045113
4509,5.119005159974991,0.5206996748180269,0.18623402071736775,0.03529010731194989
4510,6.567878147864762,2.582801784721308,0.2685215245741355,0.08533309491197857
4511,4.820540811327969,1.115683724505184,0.2504859519475044,0.04492214624067925
4512,5.812785712584218,7.658854706382261,0.26567571111343014,0.32335544550731093
4513,6.705307344150487,9.856138273281951,0.3003621064597117,0.4770732959854818
4514,5.2452582243290635,1.584434306325481,0.22649385589480872,0.05100793450392689
4515,5.244533588315709,8.481278430846038,0.2078522488309408,0.3622426824339047
4516,4.93736062327081,0.7406402847665569,0.22732540590895933,0.039644547939186724
4517,4.452928184452243,0.33074758672188664,0.15447901376008322,0.030651237773380847
4518,4.690261890023683,1.289138277827658,0.3173942738803902,0.04831438594471072
4519,5.7106376977868445,3.484507025473316,0.21891754832883767,0.12420839569835182
4520,6.156963266871824,6.953179836285653,0.26115868231288114,0.2803542883244552
4521,4.478849777903647,3.259817660832592,0.18189904040394164,0.09330831673045607
4522,6.566345539867227,1.0268140099239926,0.40472964259670374,0.043000835297274255
4523,4.771964659289473,0.4522749986812575,0.22493255079400845,0.03395939902629974
4524,5.215625405851528,7.683677456046518,0.17079556856285547,0.324367845539604
4525,3.5890456815239564,2.3853395788145964,0.11261655750097356,0.0830677766798435
4526,6.45144961876803,2.980000682776161,0.3183392852529603,0.09081494246175517
4527,5.93663456242773,1.6553910047703881,0.1822904294824536,0.052104269477293866
4528,4.974562802996734,6.25977739485168,0.2322247770434678,0.2592720979546291
4529,8.565011071030664,1.4559809888753898,0.38460806367087713,0.04921213885186053
4530,6.26966021843257,4.687232353172248,0.2879734377051839,0.16154812022864404
4531,6.331538287942285,8.033571409268651,0.29086478518665115,0.3439948386878669
4532,6.147248331608437,1.5477343000551587,0.32965101125618623,0.0504916859154777
4533,3.895660190986767,4.404478797952968,0.14345650302623889,0.14250439518621624
4534,6.460080836573874,6.8995142718890135,0.3206641107970447,0.27835212807945925
4535,4.45837930202426,10.369804924674913,0.27098504098246795,0.5004788288859296
4536,6.407411028406009,14.000153916993602,0.22457454817654945,0.7114774759869175
4537,3.8047093044498586,5.490630507242205,0.23773356367274878,0.19942276448683616
4538,6.586860101143558,4.976554272570913,0.3883383227228675,0.16787507035576008
4539,5.555904719342526,9.939949846535846,0.22908670517690802,0.48094071641616215
4540,5.261660438769101,1.5600716621057515,0.3112312387299344,0.050688589495275424
4541,7.575674338372024,3.5980848272803327,0.42234178073865314,0.12629149206629198
4542,5.124774337916393,1.7792786491935373,0.2191528526405745,0.05393054297180756
4543,5.340560888472339,1.5529538805812382,0.3570902606728857,0.05057513608240789
4544,5.17408697695888,8.737574441344705,0.16201188029864602,0.37233051863911915
4545,3.837038923443058,0.44804700878855186,0.16728583810898182,0.03382367139539713
4546,5.841059413962019,3.6125707744895093,0.2043256923175554,0.1266112406788442
4547,6.199708808854304,5.220700353802594,0.3989943962491811,0.1923420882485525
4548,7.530431435391413,6.500738707783909,0.3706346156379185,0.2670074409747181
4549,6.645382101608713,11.274294537075795,0.3628262271495412,0.5673463494508731
4550,4.4478504003702675,10.276602209506814,0.1723753011318363,0.4962811936771418
4551,6.697144529928812,1.208531085625487,0.3225306333285448,0.04694251495529497
4552,7.683643001165307,1.8211389956343889,0.37325502586842435,0.054418733774808756
4553,6.591768080392806,9.746240990638086,0.3389053228633866,0.45162929134203833
4554,5.1211174335823975,19.697344514500195,0.24203457744735232,1.1083925058858797
4555,4.9966763592285925,1.29562214830922,0.19486825399801758,0.048446582907318306
4556,7.452282397336446,18.720758915727387,0.26191457119144046,1.0547629575809394
4557,6.165646125907867,1.1588029879679789,0.2942507305451515,0.0458634244053415
4558,5.668710703616188,4.1962402364800235,0.2430838108551381,0.13827558482240435
4559,5.540176946378346,0.8877887879454993,0.17379347992324817,0.042197161193574494
4560,7.032972707474231,9.140939546132007,0.24028725559004185,0.38567387194985603
4561,5.937688429829367,1.2982479487159293,0.21687834145505527,0.0485000199641456
4562,6.418801267058957,2.673277848726169,0.2622674929476456,0.08670543256329083
4563,4.361460769682574,1.45609916377594,0.14514640420657315,0.04921415103002098
4564,5.621268301908125,1.2732127631050407,0.29608199833127646,0.04798825325116234
4565,4.562037366909004,0.7608060945046977,0.17728230686693444,0.04009501507114829
4566,5.242474578663214,0.7488239818034345,0.309367875071939,0.039826834820807885
4567,4.335355181894657,17.68279271239858,0.1777132972239999,0.9467735776484539
4568,5.406357464252402,10.516373176102256,0.1586430221602397,0.5067036866970115
4569,5.101578662726101,6.8447638774262085,0.1657763939511094,0.2768317153882537
4570,4.370902290976875,4.948062400924655,0.09627859205208697,0.16726990947664994
4571,7.070145165127241,1.1641564302485592,0.32560477676867045,0.04598006640531714
4572,5.233164441434254,1.0511542157063183,0.26045935793356406,0.04352111226405199
4573,7.068796648925937,11.897309920442229,0.3740465938147701,0.5976409281462255
4574,5.446801251538086,11.583508468576895,0.20291115702019433,0.5824317126339551
4575,5.6650171687497615,1.7711012934877894,0.2072498406990694,0.053813624104528446
4576,5.534856634219508,2.038505290470573,0.19999453524881455,0.07693570296659269
4577,6.460075255378054,0.8314461760052081,0.3538038143107811,0.040915642906465266
4578,5.8339922315743316,1.11388995508117,0.22442029642596437,0.04488298181098521
4579,5.158362052232566,5.212171438322295,0.2816328307666825,0.19211333698139368
4580,4.013056369832645,1.2758414471287332,0.14218749460294286,0.04804222094989653
4581,6.292794325708241,1.1519400677506517,0.25714630077873657,0.045713780524298135
4582,6.822648483635656,7.217726613858731,0.29291510852673913,0.2902633583335565
4583,5.125952668485348,11.533772416422018,0.25018681322775915,0.5800098029392391
4584,4.923349983967307,1.5114869778077358,0.23455959595207185,0.05007753695916681
4585,5.69784417935742,2.3660554990082256,0.3104322742642489,0.08273698062009187
4586,5.651527775903655,7.871858686681423,0.2237795220282664,0.3320108340993277
4587,5.336042165020944,1.619311390077674,0.21276515629410517,0.05154996157569772
4588,5.516408090030708,2.1571885789734293,0.23643118062913154,0.0789764827425758
4589,5.843155786417563,0.6952492728313536,0.1846603947362917,0.03881075111406582
4590,5.07377910272461,4.708083706179358,0.2042560652779332,0.16201719891029298
4591,5.665241179021046,16.073667250414047,0.1856753704913608,0.8187508761162311
4592,4.224973950940484,3.391071968014202,0.1650057375932293,0.09461912123055721
4593,6.935555315375333,8.372560915114109,0.26829854930317715,0.35787795194127897
4594,6.6263449874101195,9.423721428019373,0.210316533856152,0.4397187028882103
4595,5.920323604730033,0.4301258051418287,0.19188343394672785,0.03323950919719337
4596,4.139795305582953,3.269464090917184,0.16351033501765447,0.09342386024840524
4597,4.452423133587569,0.8848081867292942,0.2143220889477523,0.04212722298027515
4598,6.1116787458715285,1.8095950888702488,0.268570297192927,0.05425830110092718
4599,6.813309455361639,12.555382533895997,0.322111170552662,0.6294418446400002
4600,6.2249613752071,1.1006849079804124,0.20409462783693466,0.0445948552375265
4601,5.237625070667867,11.962402463460409,0.34203828100020633,0.6007959269509202
4602,6.333138981545636,0.4413186880879731,0.3783190822960793,0.03360590556801765
4603,6.0884868498784295,3.294612187554232,0.22310192956645333,0.09372287518153702
4604,5.424488082382346,4.287235659267269,0.2613279631411895,0.1401392852495152
4605,4.787119765479023,0.43991200786491896,0.16266229296864912,0.03356011245127156
4606,5.933847422431202,13.716408223581166,0.2804419883904857,0.6850384123387857
4607,6.697405274023604,5.741514131885582,0.2807279829292204,0.20547389438283492
4608,4.47380033730854,4.236466996210985,0.2463281972122622,0.1391023672883069
4609,6.822262432633867,5.94839058304708,0.376548498662667,0.22186366936446397
4610,6.669791078368729,1.4730033571633885,0.218735785140748,0.04943945573554997
4611,6.012504272600165,6.640427494011102,0.37985805402871053,0.27222311260309967
4612,5.97144820710313,6.076611190583107,0.24156152075462675,0.22535549840695815
4613,6.1256186979335405,9.407735393188947,0.18375936183882452,0.3953061632474258
4614,4.913867398128521,9.531198886326273,0.23863128767399086,0.4445114317504499
4615,6.251429384316752,6.0041813478829225,0.26968757478034766,0.22348923931525824
4616,6.042053282014229,3.5559578968405092,0.2671086535575759,0.12552673429632924
4617,5.086112920260467,1.1116663099955968,0.17371605099497292,0.04483443818511416
4618,6.386319992117179,5.1708658337442595,0.3824506151377705,0.1910011277547777
4619,5.612626720227252,0.3249075774454609,0.29058957949174646,0.03042339993666037
4620,4.816590681983486,13.034618735712563,0.14554920146313358,0.6524793350610204
4621,6.964486170440646,4.999661467605548,0.41820960534482315,0.16836291384960983
4622,4.403252917297055,2.116777533570065,0.2712021942286935,0.07819240981332318
4623,5.297694870400436,7.5573651767749945,0.225022254091476,0.3030285236595773
4624,5.338794426106461,2.3492760101339996,0.3176346381013982,0.08244650570824852
4625,5.013489023387,4.131112154422123,0.1603095590279953,0.1370115097765863
4626,5.110351411826577,2.2872967386698653,0.18263607657054307,0.08135179761185317
4627,4.907915861667504,10.656026456814406,0.19465037849336278,0.5129126003930751
4628,5.970615670432292,2.3517769692431485,0.27257675167219114,0.08248995765663479
4629,4.352751194315062,1.1316610005372123,0.18794285701859306,0.04527109065778957
4630,7.82200938911305,0.8923544598224468,0.2821702188354733,0.042304639579123296
4631,6.320626263919248,12.313930724199004,0.2817162247814193,0.6177974249682138
4632,5.279800396739867,12.243678864445386,0.21210795698938423,0.6144044593352472
4633,5.527652317826331,2.353505969675886,0.17332185455267204,0.08251996525023772
4634,3.908060613318888,2.747458849540894,0.19299080103979183,0.08778883472622426
4635,6.116317566397051,8.306499640508381,0.21602937981525017,0.3552029872221608
4636,4.470752242549066,2.8906909190895234,0.19114725456414874,0.0896263033597118
4637,5.042414951145376,3.419341765561934,0.23285362758726438,0.09494469248432497
4638,7.052501331413445,3.4321257901780986,0.3037465634425267,0.09509115550275712
4639,4.255611699723064,4.365975537735978,0.19296748930222377,0.1417323797861201
4640,5.050582888727797,2.431566788753401,0.27670038483515325,0.08384787754828227
4641,3.793160479760577,1.266843449251788,0.1960930996544902,0.047857268000443605
4642,5.878632187192415,3.583988153370677,0.3255379350395247,0.12614899290766723
4643,6.259896729320874,11.687880502800997,0.38762194249977683,0.5874739077356335
4644,7.226241798242497,11.378970292489402,0.28911265353940235,0.5724608103958956
4645,4.890499568635605,1.763549005462361,0.1698784868499145,0.0537051768791183
4646,6.726553483631489,7.51676134575302,0.27706433087169136,0.3015032598690345
4647,4.712915264972504,1.2968553351399899,0.23026391820785247,0.04847168634767554
4648,4.159235193229978,2.889594102088395,0.15601384573087748,0.08961144795146682
4649,5.700705561637775,8.740856018655094,0.21050740138701116,0.3724577181691651
4650,6.092482988848381,1.6715252026284102,0.2640650277446628,0.05234883957230368
4651,5.014840984387473,8.428155574873298,0.29160795633030706,0.3601159790690898
4652,5.932615035912616,11.5564468163756,0.13210977225536058,0.5811141418339253
4653,7.927399465987604,3.154381752667628,0.3718549029041515,0.09250656565685562
4654,3.8223168485329624,0.7527772066507622,0.1931797721193431,0.03991513283692201
4655,6.791309885439443,11.53339153370415,0.34817848534769563,0.5799912494073812
4656,6.757035016446999,1.006525596756063,0.3684433006617286,0.042572409383556414
4657,6.18343434211608,6.57102649719579,0.2602728192716122,0.2696288243407046
4658,5.963521162122803,9.772700804728286,0.20461354625128586,0.473202010972162
4659,6.628365515282211,9.183827329463572,0.3222749951973197,0.38724670446719095
4660,5.918899624206791,9.251200205724839,0.27647513005226176,0.3896983874925857
4661,4.931726677266364,0.8614237681084229,0.094018123905452,0.0415847015676628
4662,5.939831795295641,0.4419641035589556,0.3691697319706368,0.03362688640344459
4663,6.396099005511428,2.0482689380253993,0.24811376027560458,0.0771336029104151
4664,7.088382832853875,7.263431660114312,0.23134700002077166,0.2919802245688221
4665,6.8404501439795276,14.226698371748869,0.31759194088144765,0.7228258346958724
4666,6.420454299316529,0.34879188737785627,0.3449144919628771,0.03142940363135198
4667,7.185528528399942,11.272272114338055,0.32388872503042837,0.5672474510742634
4668,6.044019702615654,3.462648864773325,0.28941171287385187,0.09543674391899037
4669,6.242510095343885,6.867516651484822,0.20064457947753647,0.2776807313371492
4670,5.747363157265792,3.744448564470114,0.17950614185140368,0.12892278421077238
4671,4.8527551163472475,1.2865182419932495,0.2173990052473248,0.04826086832172265
4672,6.673072364803143,3.0324295906017187,0.31090359945297386,0.09149489977479701
4673,5.866687255179049,0.8598442359173701,0.3438504398190932,0.04154844548904367
4674,6.436353703494393,12.362593822536237,0.30162412461258253,0.620146390454569
4675,4.3680180663838994,2.530350672242802,0.17044277655509707,0.08451072019290948
4676,4.758781691307205,15.649535193871813,0.1879213662735481,0.7931354962594134
4677,5.674125806156732,2.0614348469619403,0.22114640217872156,0.07739891038617468
4678,4.85255731490952,1.0919916669730378,0.23727728592175645,0.044405443142299314
4679,6.2418320779142125,7.224896972326769,0.28611153780221665,0.29053264054648975
4680,3.1434136788252744,5.530644317647718,0.1169366892178475,0.20018375674861
4681,7.696469574124725,4.0920524016954,0.2817303147394393,0.13619682890673748
4682,5.365621022437238,18.319207632972113,0.2388195881851701,1.006221206903313
4683,5.997912035434116,10.970115708583654,0.4422035351345804,0.5448966435109138
4684,3.9664068061220035,2.348209039467809,0.22088208055112515,0.08242795122894199
4685,5.576409707644529,18.82580197768308,0.2457924136113603,1.0605836642852606
4686,6.106269879430054,1.8624744617007294,0.2940707736918504,0.07319729328988688
4687,5.798740490697964,16.275268952481014,0.19106980176281957,0.8285756216833694
4688,6.485950471898477,5.775376441013958,0.3853372574326585,0.2147055500665673
4689,5.096297980661683,12.547067292889011,0.23269731889024717,0.6290412607070964
4690,6.821003148547514,0.5355353133490204,0.32095771000730583,0.03568440091665263
4691,5.700388826505239,1.084959571909528,0.2478042904076523,0.04425244688408514
4692,5.180226575790457,12.81929805683928,0.30106785990154056,0.6421402561238133
4693,5.683618993970886,2.637553738826114,0.26830610733019183,0.08617048204896036
4694,6.376029562040215,5.663768703249404,0.3175308662356367,0.203543459638779
4695,4.743667115528647,9.139051175671248,0.2561508194564866,0.38560440115696165
4696,5.676736590837701,2.238261813172063,0.22568976931899457,0.0804608164005857
4697,4.653301181394772,3.4524286379465337,0.23622358817417757,0.09532062950361223
4698,5.396300242073463,0.7383022093826147,0.28047908888487866,0.03959258079588576
4699,5.8971901019821376,1.0735355707561967,0.2678181393117598,0.04400443760464555
4700,5.3602415213158965,8.57083748438404,0.24306873885737199,0.36580105456120776
4701,6.250562502108255,4.912667780758034,0.2355224586297257,0.16651257064521627
4702,5.952650024101453,14.03644039174286,0.17968143379403817,0.7132969604419646
4703,6.849812328637317,6.037161086351461,0.2261460049195774,0.22444882772887623
4704,5.209373739789744,4.934945196583169,0.32049712743430636,0.1669899579220457
4705,4.939771307200805,2.2478034593346345,0.1799082742852206,0.08063594857316148
4706,6.3477574123943645,8.714505230629353,0.34053943910595674,0.3714348595177119
4707,6.24848477732989,10.411975846437695,0.19959380673441882,0.5023717047697219
4708,5.370305595111469,1.5632334550125189,0.23179584055329244,0.05073885900931027
4709,6.155440365410655,1.2187375083381435,0.3048303451027981,0.047162305644851965
4710,5.437370785575508,6.620332077289578,0.2788497362614491,0.2714713055518579
4711,4.303166681134411,1.920292766734529,0.12271417881591642,0.07446100043345422
4712,6.797637899442729,3.3621568010561766,0.21190399444408273,0.09428361734916418
4713,4.803871147708936,14.379979054575124,0.20807799500639998,0.7304873495182029
4714,6.70893736276341,1.6257487188490312,0.4408374171780999,0.05164960317800692
4715,6.53373182177865,2.1072631251141654,0.17482823560436098,0.07800603613288673
4716,8.101364358331093,1.4873916875567255,0.34556477347940323,0.049679416147668264
4717,6.302183023476892,0.3124307904775566,0.3167129847201256,0.029980186961281324
4718,5.9174926221351285,5.896682852926664,0.2736288801583048,0.2203540960035109
4719,7.231748955858501,3.980721936169805,0.329092827225558,0.13393559968453164
4720,5.843647345742782,3.8936690406954404,0.21176885094606634,0.13214275362420128
4721,6.903320342304787,2.623620127138492,0.272910194821364,0.08595941744481728
4722,3.9194335325921483,2.2789800303906076,0.1223587986972236,0.08120225035866332
4723,4.818952305244071,1.2274197825188966,0.22925869828053164,0.04734872410574942
4724,5.258016060931187,2.7460592684767478,0.16006053901290418,0.08776872522733024
4725,4.946976316078441,1.0214837043997471,0.2625960033251561,0.04288778748443181
4726,4.095731380429356,8.151090273998982,0.16237819447331922,0.348849330443161
4727,4.2797226941135476,2.249018088736336,0.17098594077318577,0.08065818114703432
4728,5.24647175340231,3.5637754647835624,0.20238627598744827,0.12570044563782484
4729,5.341755315335262,6.000534339079812,0.23862845429937904,0.2233830675690207
4730,6.155316484122317,12.992629260118754,0.26940913379157433,0.650464935967584
4731,4.5507929212726825,0.536622351067947,0.2160851844756557,0.035712974277890476
4732,5.92735474728683,7.915492900277008,0.28884725448098725,0.3390812122883064
4733,4.484702019280965,14.044955156568257,0.1808519478052377,0.7137238178255734
4734,5.966292715637305,6.441577151472562,0.21600412411858477,0.2648055825025872
4735,5.880756741217595,4.989025079466939,0.23595636225303782,0.16813868495688697
4736,5.628536899757572,6.79050690120084,0.23861367956516513,0.2748095688704315
4737,6.710458862937304,4.290513189295247,0.24900413757937892,0.1402059695239772
4738,4.103465883581843,7.438184056372394,0.2019774113727176,0.29854975817169355
4739,6.945368548715252,4.5840550481493585,0.33530360376545437,0.1591990335011527
4740,6.255874141960248,1.7124625926847854,0.3214980475912586,0.05295992313821087
4741,5.454273307229586,3.648829661718777,0.24084002548821296,0.1274096907218144
4742,6.839874121192006,2.111501703204714,0.2956403931467258,0.07808917583143188
4743,6.777983564149438,11.528988694751071,0.3118232086372767,0.5797767715460725
4744,5.359445254221612,1.9366268721610256,0.18948141780428945,0.07481164776855218
4745,6.597207542217748,5.691937634295665,0.19807723278725578,0.2042455281066899
4746,4.570430990546554,4.7177031958782365,0.2181138765542267,0.16223294328229157
4747,6.65459383877359,6.531941330992102,0.33590217459174987,0.2681704011033276
4748,5.290219157781748,8.770928894823715,0.14826963147453903,0.37362097231780983
4749,4.789158272690583,0.7801869430278962,0.2626592028684329,0.04025033361306831
4750,5.9433044462851,11.573142321737157,0.3660580259006088,0.5819270652038698
4751,6.368403702797783,4.116226954539182,0.2918542649984484,0.1367015032731079
4752,4.267697319504811,1.268821982725985,0.14772763605804193,0.0478979901264853
4753,8.345646851340293,7.8255426791891916,0.3448120414788955,0.33013580969416395
4754,6.160097732334601,9.207578311625667,0.3772497493101363,0.3881136529457415
4755,4.240855719102699,13.955722294544746,0.2466942682990598,0.7092487404893911
4756,5.5499705658512,9.241621884060521,0.2835628316043638,0.389351251043684
4757,5.482454665389141,3.0184098099251275,0.3199474651208353,0.0913143494861918
4758,5.958877397227017,2.4648334227372213,0.24168879993273998,0.08439844840839397
4759,6.992053164653229,1.193732368477602,0.25336980326610836,0.046622632887847515
4760,5.748378085351663,2.069915843981182,0.33029652752856364,0.07756922118402738
4761,6.23664566973249,14.901751421462771,0.2880831153048368,0.756434992461681
4762,6.068110776369637,1.0087615934025003,0.3437124730110074,0.042619374329800765
4763,6.929056114831161,2.679326359003278,0.2714254537326876,0.086795138434505
4764,5.179868752040343,0.43991406733606353,0.23917716485564,0.03356017956046302
4765,6.631617683340659,4.439313668751903,0.2840487656958777,0.14319874443915834
4766,5.470375204058253,0.6867636689554887,0.23409494355073274,0.038618765735945304
4767,7.289537970511849,6.9198376278107006,0.3392254815454941,0.27910998510245716
4768,5.918527310524362,5.688455823913521,0.23524007241418235,0.20415891241826603
4769,6.144365866528629,11.382748215674258,0.2984921454118799,0.5726452460709405
4770,8.589336443729469,7.587631993053558,0.4717676909858654,0.3041648840586401
4771,7.774995662623874,0.7479190290843104,0.44923813790909023,0.039806645369654135
4772,5.029893281365864,19.383148987331985,0.27140594669038015,1.0911253146415845
4773,7.086890877549714,16.714216476348476,0.329981445543078,0.8497765957388107
4774,6.745235580325715,7.5398013727146385,0.28294305782917767,0.30236884890858173
4775,6.862525134401246,12.240486149530085,0.4014327659755012,0.614250205999107
4776,5.004386446390778,0.4792528564664774,0.13507585834606897,0.03480402419657798
4777,6.499989707894557,1.9579794572400413,0.2524928617232861,0.07526580567754391
4778,5.929758428334101,13.249150959701309,0.3181846157708013,0.6627564258314624
4779,4.693600843007316,1.2773667468888659,0.19833096914452017,0.04807351131345267
4780,5.567900647547902,12.459829267067736,0.2140715084729498,0.6248367442278282
4781,4.947301732589014,3.8756557437518584,0.2479214530247337,0.1317565357701698
4782,4.545681825824486,3.565662447828527,0.1358719641846934,0.12574235644261564
4783,6.2526349534440895,2.4290462142086677,0.230661233373011,0.08380578761563831
4784,5.778631797172984,1.2781323375443654,0.36798648271430356,0.04808921003108524
4785,5.964699127708386,14.98185386621824,0.25589295466966433,0.7603967523916034
4786,7.9438236218328075,15.610128134245782,0.3466636345338416,0.7912187475531193
4787,5.122892816363621,4.86393492377779,0.15101813787280524,0.16545982451504826
4788,4.143147644419263,2.595258218412716,0.2142203513722458,0.08552550965253419
4789,4.435502921982688,10.934416302951558,0.18133068073047248,0.5432031444197738
4790,4.274312079673574,4.401001943641622,0.12216696646787636,0.14243487623618464
4791,3.7152832192886254,8.48281676358165,0.18591778830151975,0.36230409335197306
4792,5.715256476186704,8.448717727253221,0.26683954771921137,0.3609405334678329
4793,6.692017804451786,1.1139939781646009,0.19761141050731326,0.04488525288776614
4794,6.141989402191556,11.81868585905439,0.37008537112599543,0.5938269786944842
4795,5.713566128314434,4.701118816607229,0.25928192720429516,0.1618607312049913
4796,5.226630164339613,11.708736724718655,0.1954589764646543,0.5884875547088299
4797,5.575089881050848,13.832609873308545,0.20731973995414166,0.6885290208804865
4798,4.692160506845732,2.3839219933969322,0.21901147863814127,0.08304356938283489
4799,5.0013670762539135,13.13266756865696,0.22400074326145017,0.6571795015069483
4800,5.4432386862112265,2.908202612343159,0.26360916563924763,0.08986259704923683
4801,4.369638021358953,1.0178640073584966,0.16473857967655717,0.04281121430038994
4802,5.220107616657679,1.894792393919841,0.2764186831137221,0.07390797706075694
4803,5.376010188259141,7.849080048629845,0.2541758239355994,0.3310892465120547
4804,6.237469899322157,8.88244598709234,0.2932114965663645,0.3759934135386766
4805,5.0567753710282295,2.1565283440466105,0.28132785053818005,0.0789637895830765
4806,7.325554540019101,17.029006937838574,0.35269665928012367,0.9135308925383028
4807,4.845439213588905,1.8680216061314745,0.16449026893284655,0.0733200559077255
4808,6.283637746950046,9.381359938638836,0.3343071477129523,0.3943697807765078
4809,6.79284928088305,7.532776321834017,0.2527753488604505,0.3021049518089542
4810,5.139898097851886,2.1334209861515467,0.3189976359502385,0.07851682611267899
4811,5.094303412763864,1.5684229126748108,0.18238945892482897,0.05075650860331821
4812,6.08988963136738,9.724697844946856,0.1611710983171973,0.45068855534588476
4813,5.071462093280975,5.590628407682616,0.23992232119256046,0.20170625629433594
4814,7.624916971695624,3.2232985793744606,0.37681978640026287,0.09286781579167849
4815,7.672806598327295,2.162271750864829,0.29191508967939156,0.0790740638403816
4816,7.004544161426916,4.326007536096626,0.3778790061606732,0.14092608562183676
4817,4.365228260149459,7.6110163763146685,0.17553873221934613,0.3050424239365083
4818,5.891747916327982,4.9753022121952055,0.2490489241059978,0.16784856111462812
4819,3.9267266381983723,8.26358669281543,0.23329071149978767,0.3534567776537163
4820,5.911862560200569,13.280111426913017,0.22593481730609108,0.6642373968743778
4821,6.970053452715797,2.3835006580769296,0.33657298469128977,0.08303637113615109
4822,6.062969875376836,0.3414564478295346,0.34104110143359306,0.031104103077171548
4823,6.002563412218351,9.20440818379604,0.2238454217976172,0.3879981058957875
4824,6.119751983439561,0.6330470385728997,0.3360465122688702,0.03797645113653811
4825,4.870275631827365,17.334438221794507,0.20748776309140207,0.9291113082211073
4826,5.228394544095659,4.398868259166135,0.17575480873960395,0.14239219442948864
4827,6.038349149028096,11.746719722305976,0.2588970457659656,0.590332916023565
4828,5.972126074171672,2.677000173292594,0.2687521163671867,0.08676066799459686
4829,7.093146243526808,0.4489196626559272,0.4144837376265118,0.03385175724869198
4830,6.476967421591602,12.659671731512045,0.27247590802824445,0.6344633220693182
4831,5.93063402382854,8.510590120013587,0.28073682965419805,0.36341109899443613
4832,6.978478107338035,1.841051119229844,0.3656025193605849,0.07272008645461855
4833,5.375366107680169,8.780795259291727,0.17027489126420545,0.37400165848395367
4834,6.196313415490072,17.80106116622473,0.3459676890196672,0.952746344935261
4835,3.402345217233372,0.3250670758260732,0.14241237737123255,0.030429248592710463
4836,6.005070981543342,1.7261403666034218,0.3027819417095694,0.05316135822733368
4837,6.2615049094718485,15.734623835429636,0.28043286509290594,0.7968235988652596
4838,6.475766718721467,3.7460863715193553,0.28208496997378596,0.1289583754846387
4839,7.559317654602752,1.0747313690312412,0.30133014830996385,0.044030362291931385
4840,4.552591434896519,7.417031147083846,0.20443239739550786,0.2977544492521263
4841,7.2286442747524555,7.152828849179986,0.31528786809851045,0.2878274630582588
4842,4.496112641692819,0.5508369046036469,0.15695453217465602,0.036082923760745796
4843,4.312134080482871,19.865737757927477,0.12622490481121937,1.1176228136893052
4844,6.5629615716980805,1.2954480835263475,0.2793132212886011,0.04844303852940201
4845,6.563018820139318,12.075769933218437,0.266647516412392,0.6062855035817788
4846,5.364733964737868,1.143119872391554,0.3339284606244602,0.045521308477065536
4847,4.841754395615568,0.449894879575467,0.24973587359321733,0.033883100093737926
4848,4.274093630659692,5.024154996476847,0.1688914706690248,0.16887713459915646
4849,5.586378333303,9.241088026438744,0.20426248369518832,0.3893318892697521
4850,5.85343483966932,0.43990601397892326,0.30849195455882955,0.03355991713556224
4851,5.258535857268031,19.074733426361814,0.311270339314226,1.0743548749911285
4852,6.34242232400157,11.758352300264466,0.3255106182857512,0.5908978997381299
4853,4.581146229495192,6.332851363478361,0.22561657556033504,0.26199177717923866
4854,7.186897826238003,15.115184865803045,0.2895733695157744,0.766976251091405
4855,6.277738474399269,3.610316321889447,0.16811565717180968,0.12656150654263085
4856,5.425422134294455,12.40510214685853,0.2447614034549875,0.6221973893457727
4857,5.838320260419757,4.702321009613063,0.4059550785589537,0.161887754288444
4858,3.9208941697324677,11.19767192743819,0.16093658990824836,0.5635971628500841
4859,5.331081075498604,8.12236121054834,0.20706427824812865,0.34766625109665766
4860,6.366213012961972,0.6692114711488354,0.34458273433024583,0.038221373204673434
4861,5.686730976486963,3.8823804265534547,0.32201270485235134,0.1319007993514377
4862,6.870939143845623,7.452706750220833,0.25337681664641376,0.2990957461673292
4863,7.051234023640997,1.9762531365651705,0.3933680279624808,0.0756506837938844
4864,4.472748538658582,4.084199986688112,0.19193954742183136,0.13603258364719895
4865,4.266600794143403,0.5426917567902038,0.23594033837574271,0.03587175850175492
4866,4.17003677845052,4.623945103292652,0.20683204009789982,0.16011264695344676
4867,8.279059881834751,0.8233495433296999,0.37877617646384926,0.040740021316504116
4868,6.557641751987494,1.805747908783871,0.3076844520459815,0.05420460946124861
4869,5.187864291299791,0.4292247142576499,0.19343160511974264,0.033209987548653806
4870,6.001217598380744,5.7348638684070234,0.34675589035535165,0.20530965019997896
4871,5.142686286236979,0.6156423822844087,0.25094416660340957,0.037557777759146545
4872,6.598056547065054,16.733572073156385,0.2698646533560139,0.8507055657279194
4873,6.83210511480894,2.9673238069130035,0.29303684023099325,0.09064853894052521
4874,5.62078167907588,4.0784580460774915,0.16808271355718216,0.13591238510756526
4875,4.818429631412514,0.46901472157346574,0.23569842479236316,0.0344879047033162
4876,3.6515440371109222,15.85679209907202,0.1650943852536833,0.8027360188869845
4877,5.735130371257007,1.474531276932594,0.2419680680010695,0.0494650165947625
4878,5.028968684749535,9.913076977865272,0.16685237245831117,0.4797029449788124
4879,5.4750261281604375,2.2887470575451525,0.22180882822502676,0.08137781152280023
4880,5.236032530450193,4.057851267598876,0.28488283634750955,0.13556496049215894
4881,6.874239932050394,1.9275274034446652,0.37521022611454596,0.07461665335837539
4882,3.88589320729981,2.423804866030666,0.1371559184194168,0.08371809441583304
4883,5.060058205593772,9.20423981578892,0.22036018981983094,0.38799196765723326
4884,5.501240990385691,3.4318365414193557,0.20715834479641995,0.09508784681703648
4885,6.1071865397494385,0.8599154356454947,0.24337785614346596,0.04155007874757262
4886,6.239098999025835,13.370671276670354,0.3628097107478904,0.6685658605957855
4887,7.33432073998284,1.8472755858742997,0.41887550103748306,0.07285924465234178
4888,5.711606189052592,4.980476443028864,0.22465350998357567,0.1679580622859487
4889,5.969246598120805,8.118598375284682,0.21507479218562886,0.34751111270033846
4890,5.41362568725581,2.3977072536920647,0.20309928624892962,0.0832782389675158
4891,5.6153205094771375,4.308413979553718,0.26935240019075163,0.1405696155767295
4892,5.1759515579735345,11.486650523225068,0.19967527655872955,0.5777136576577837
4893,5.255595879652158,5.160403724376922,0.19466669359362362,0.19071827510920283
4894,6.259030498215636,3.7463033923583513,0.3233856392455971,0.128963091166554
4895,6.702390107230636,7.28113205731772,0.22994392230275448,0.29264535961741145
4896,6.535962797835977,2.4558252920733703,0.46538822273589503,0.08425026121522074
4897,5.9525158932630875,7.23063786312236,0.14999205780635042,0.2907482578738429
4898,5.82414985971818,0.7830210925200045,0.31642118175193845,0.04031282261316048
4899,4.844062020579563,7.353939622304435,0.2524337101204475,0.29538223521061424
4900,5.864945926057769,8.68086852915896,0.26942524504254667,0.3701243836695222
4901,5.478347232003479,12.343352823082547,0.27936132618726495,0.6192177567921179
4902,6.7105945982790685,3.2835565880630955,0.35946632559574626,0.09359142248993843
4903,6.532545823780539,1.5476500921830207,0.27895197871605076,0.05049033785291078
4904,7.0951065391873245,4.23998251120075,0.338404136187517,0.13917440729175481
4905,5.683512707876637,0.5435581171939065,0.22979384898211605,0.035894321777346166
4906,2.96160781553827,1.2912690185871154,0.09474886289120986,0.048357867193780074
4907,4.668292008738657,4.929585379328368,0.19542020215759634,0.16687532361106813
4908,6.598699624879242,1.2267097948695533,0.36242043652476347,0.04733349912874256
4909,6.088894697722736,3.4804361898175755,0.38053163671108386,0.12411690613968686
4910,6.3894643468842744,3.824815232243275,0.23641299505425448,0.1306627551454025
4911,5.193018155461973,1.4756570462551022,0.18798961080305135,0.04948383777406781
4912,3.9470136599274848,4.481017966685127,0.14745414058015768,0.1436926596339078
4913,6.6053252738646195,11.407577251595335,0.33581893490814574,0.5738571231872764
4914,7.56127867351584,1.5755319330173783,0.38560548214353774,0.0508683889816363
4915,6.077817355054131,19.72011110216883,0.3661940858928132,1.1096414378242208
4916,7.4887843665818945,3.625755577298094,0.4193904536328354,0.12690189321041123
4917,6.23863594712896,14.168093911560941,0.3145790109520418,0.7198927929298563
4918,6.550386437435429,1.7094637043421943,0.24127217626525796,0.05291561653083052
4919,6.609477972615912,20.050116759574564,0.22348519828285696,1.1440124922621702
4920,4.742715583005175,4.159412861271899,0.16426945331481918,0.13759932615749296
4921,6.0750795616309,0.7457763216416501,0.2997842354263753,0.03975887471925372
4922,5.345342523718219,1.9993527028264397,0.29957235428195267,0.0761322112692735
4923,5.009451886057419,4.74139489222805,0.14618618451918386,0.16276250527534333
4924,5.876782323169782,8.88265678396932,0.2712026717945356,0.3760014465926144
4925,6.314835427791624,5.499792679873241,0.27062405942380025,0.19965776097327656
4926,5.637739670175831,3.9492122514049792,0.15255768032341024,0.13332918506063732
4927,4.9728442665990595,4.07651741188521,0.3114855475942329,0.13587174250809692
4928,5.846093923223763,2.321959255323103,0.19890974482206697,0.08196828463184307
4929,5.242312708980044,10.838510316138848,0.16909864416045853,0.5386453885260157
4930,5.057431036555637,12.711787595528357,0.2159551237777225,0.6369708464565582
4931,4.861417710513964,9.733110592171258,0.22988184933544578,0.4510560937810214
4932,5.541043839279483,2.6157298031618557,0.24932684891589493,0.08583928422893891
4933,4.326631858470491,5.088569708212396,0.17109052647221495,0.16989891157579154
4934,6.019475660526077,4.319685336436816,0.2876603872280979,0.14079809652011163
4935,4.898485463133226,2.987173459983868,0.30910407655622024,0.0909087454331575
4936,5.6310841056242475,2.360137543017607,0.2562663682046535,0.08263481527633491
4937,6.972121014897119,3.553339796391314,0.3299842967398328,0.12546852980354367
4938,4.545984806137188,17.30356244249621,0.21632191467722953,0.9275404974642946
4939,6.027991902901165,0.5736208590353987,0.25971499534975134,0.036663204889452516
4940,4.74789913079296,4.111214448573418,0.1901785347863269,0.1365969825615162
4941,9.570775967635438,13.557532244564323,0.48705331424549386,0.6774798787766176
4942,5.739572493380474,2.009546231310487,0.2304244041803278,0.07634293487116542
4943,5.999734781402737,3.1786580100516555,0.3244948860226748,0.09266623646319175
4944,6.564771329846303,13.842059290725201,0.3267578264795867,0.6889761914389195
4945,6.633833000322557,20.912768040604178,0.2552412915765702,1.1925117064591744
4946,6.948002498752223,2.79491717896108,0.3638489193516316,0.08846348278710356
4947,5.576991264745602,10.353580175563806,0.15074550681834206,0.4997495197164206
4948,6.773911299651629,1.1342310202296721,0.39932323742663384,0.04532722023656728
4949,6.043773195016873,4.927109604767294,0.20025974642710428,0.16682232481059547
4950,6.4832949769678825,5.195105205468036,0.25240089444913283,0.19165468217640044
4951,7.600271934184875,8.629182709152657,0.3091669259803684,0.3681003984174546
4952,5.602744801798506,0.7085422885446319,0.2297257408065764,0.039111777845657475
4953,7.146548371693212,10.315668809877206,0.38158677144261266,0.49804307807642384
4954,6.199097174571208,5.632868117812836,0.24720274253318666,0.20276981132154687
4955,5.403695672889296,4.730741103417578,0.24659409601825502,0.16252468606514772
4956,6.951452478383805,1.8140644406749962,0.28953328214777097,0.0543205343559853
4957,4.4354314577991385,0.42038022962358906,0.18249677714096543,0.03291865850160883
4958,6.201641173878852,1.134889449093275,0.33006689266835637,0.04534159973694812
4959,7.434818754578191,13.828684575020464,0.39079896167513073,0.6883432425045627
4960,5.230317915576885,21.094552640195808,0.2764589924938554,1.2026822455042292
4961,6.6229725917551585,2.9724138155454107,0.3280761857380766,0.09071544886693726
4962,4.625051124643172,3.4958559037509285,0.22551788239720932,0.12446326517853722
4963,5.864082239778815,5.7266208218743415,0.2542955577157377,0.20510584162584167
4964,5.5558575781069015,4.1438732933804685,0.20481844916859537,0.13727682319864937
4965,5.758308069111425,0.3075269568611383,0.30185774434165685,0.029813099884478913
4966,5.255603353059733,1.7969941925995225,0.30709454340001535,0.05408202039113133
4967,5.6680350927634136,12.71421313072706,0.19015270366975148,0.6370875196728748
4968,4.328433311947928,0.7521354116184581,0.15652394300135153,0.03990078633606593
4969,5.896993853923553,8.140717188641442,0.2618744694911003,0.34842244809180406
4970,5.983131161803515,1.8212003182106784,0.2122393414808418,0.05441958331586876
4971,6.482321298158066,7.347298349221654,0.3390663716568657,0.295132540939893
4972,4.602535238702059,0.4669588049568404,0.2561808427987901,0.03442377264461183
4973,6.681725564372384,1.0115209677872425,0.3186082888976644,0.04267742014493976
4974,7.095318298334205,1.4365986716444836,0.317187465685101,0.04888059342285559
4975,5.603288327738525,21.27461287289375,0.12587817301689377,1.2127385988609536
4976,5.135005869028791,12.856535440557707,0.2548854847176244,0.6439299061874857
4977,6.087151196796648,6.766787889486566,0.28021488939861555,0.27392666711830227
4978,5.358247618258286,4.618515097082665,0.2179280782092767,0.15998867710831288
4979,6.612413139497065,13.663944052624025,0.35890978952842767,0.6825446565134706
4980,5.892241253693532,6.387895016356256,0.23525666509869575,0.26404408008610497
4981,6.578745397138032,2.8062396153673084,0.2884469457685211,0.08862240065958912
4982,7.077793354368883,5.882329914972,0.43264189761039423,0.21774136759357696
4983,5.559233299181533,14.326024212921451,0.2989456910023361,0.7277922069915154
4984,5.627592854517725,9.745608405532147,0.26443925980062855,0.4516016887552199
4985,5.6299424490476655,2.959704270987335,0.31062732281280075,0.0905481354476111
4986,6.201736169778978,3.1569613570942647,0.3465650678456672,0.09253843053291755
4987,8.226584048073853,2.5805327414386086,0.4895902174473367,0.0852979223343684
4988,6.8543154295649416,2.498156990092147,0.376456746403862,0.08447125226240568
4989,4.578952183552861,1.74380037024819,0.22349573050639496,0.05341947059051794
4990,6.9233600209478805,2.271442654385014,0.29477454422684196,0.08106616603986735
4991,6.875773993896242,19.359029674454426,0.3474757245126699,1.0897974608278767
4992,5.809879300000234,1.0351361847282186,0.16085781832976082,0.04317799857568816
4993,5.261846160260794,2.2630171275492086,0.2866557443351231,0.08091342390830697
4994,4.63505376410471,9.59990153049273,0.20221345959297746,0.4452093678373326
4995,5.176479005001206,1.1157933527278654,0.29888382435076655,0.04492453995485271
4996,6.041046451619201,1.2047304890407384,0.22938362857898387,0.04686049605610732
4997,3.8827148870671877,5.005470233577236,0.12583857829878609,0.16848513333067874
4998,4.901351940522985,1.8268507104921463,0.23241718746217718,0.0544977400252464
4999,4.677604030437762,0.42490100170019823,0.2873885342284815,0.03306790913016809
5000,4.939385616518427,5.519729069551992,0.26504003041052104,0.19990515226779185
5001,6.666710808674635,2.330465031539003,0.29763526669560597,0.08211790473510612
5002,7.186544294074435,2.2021759990450116,0.34503787807803304,0.0798313068294851
5003,6.076033149011363,2.7755584929357098,0.295681341556398,0.08818997030711517
5004,4.357787657801908,14.319219476723216,0.1960062943325025,0.7274521622285937
5005,7.172988131651862,10.960975199129532,0.2738114740255024,0.5444631936347375
5006,4.452308915357359,3.79647607096827,0.2957490579751588,0.1300507184663949
5007,5.36322271730723,14.989356253604338,0.2132158356869011,0.7607674748760865
5008,4.026631240507039,16.12589611978821,0.1707367429648777,0.8213014718758914
5009,5.982414903444554,12.26355442449141,0.39475759041072445,0.615364623679069
5010,5.690295365947049,9.349063980966449,0.19526492595722253,0.3932185710698944
5011,4.838002068642489,6.3676218607630295,0.12183274705147061,0.2632878082654208
5012,7.244372430359357,16.468085166076186,0.4406007300254896,0.8379204797031651
5013,6.617441609177031,1.1910673678825445,0.3960861848624801,0.046564884195125236
5014,5.833109327798376,3.173981615352728,0.39569812426896894,0.09260884056701975
5015,6.874032051898911,1.045731708557815,0.33888654629109966,0.043404662958398205
5016,6.272891713583067,11.423411686785833,0.30686812593429075,0.5746297505859898
5017,5.589119960234737,9.469197039148916,0.34742556081480175,0.44175151488693687
5018,7.167699903005237,1.6283123003673614,0.20113921621130273,0.05168919437341638
5019,7.8722074586268365,10.760429087264967,0.29112469566714894,0.5175291613118703
5020,5.021896372747443,3.7339300095819024,0.33061014376788755,0.12869407486656909
5021,5.80601791251179,2.0257466755497666,0.242923593466598,0.0766756147983687
5022,5.114219927622535,2.3314117251756605,0.2585968364837912,0.08213451740466704
5023,6.489802158743331,1.7770802098431224,0.25708394184080613,0.053899161328787915
5024,5.9618707967168705,9.59997943348164,0.22473363576306918,0.44521280437451927
5025,5.797319579025582,0.8456030408508843,0.3195271599655833,0.04122632941189134
5026,5.319177474641846,5.5802607002445965,0.26718681586663984,0.20144413311326828
5027,4.253806176164312,7.541162930116258,0.16055559735457706,0.3024199931622034
5028,8.045104361465501,6.744702823562323,0.4741032612248294,0.2731052096482579
5029,5.249461256040048,1.24030786634297,0.3203801486226993,0.04762449112336753
5030,5.68755984277441,0.5141588726701302,0.39131126444299014,0.03511357506880307
5031,3.426874641170398,16.86146698919377,0.1565058374762884,0.868550489496051
5032,5.326688452123479,1.230773124884517,0.25021916420795026,0.047420586399269465
5033,5.827636585778753,14.106886248950424,0.2690182353969179,0.7168274204387738
5034,4.711232751750681,1.161530530980329,0.17079708396772594,0.045922863177089435
5035,4.109170679152178,7.742814330879152,0.2150702418853244,0.32677628801982345
5036,4.294610906277167,11.21737391001481,0.1725275773446824,0.5645616415341822
5037,4.675309112980003,3.8512222896231276,0.15493393759957672,0.13123155671189327
5038,5.873935353762087,6.29805412962266,0.2523797281150708,0.2606960252025397
5039,5.335054155934208,12.239990775512627,0.2575001520087608,0.6142262719941174
5040,6.163716553468774,12.572679449960024,0.2711635955444133,0.6302750191524459
5041,6.252693776994837,12.191052028535566,0.18602179528067947,0.6118612281765453
5042,5.939426081903113,2.731137658027344,0.33670200303507664,0.08755355103005906
5043,5.17690482828333,12.763507875306583,0.19130638696375582,0.6394581150143346
5044,5.3058220197171675,1.86809634260329,0.2860529041282126,0.0733217076822713
5045,7.5770589378341064,1.0217502174567747,0.4020146251861068,0.04289343175204066
5046,5.871470658636489,3.395701695398758,0.2736974979241536,0.09467260245975162
5047,6.588724122362951,13.543580454142877,0.40916575770013447,0.6768151852395786
5048,6.719943798707995,5.457547529033015,0.3039362139418624,0.19857136399342748
5049,5.03440614180039,0.5380392142950038,0.24645077435994098,0.035750154975868545
5050,6.969095701152649,3.9612064581289066,0.32894444460850114,0.1335844873182553
5051,6.74042810020294,0.8661007290745958,0.32878039145693466,0.041692339581219096
5052,5.525853320813703,7.581894723365678,0.20502661646402268,0.30394952440223993
5053,5.8325098266387,5.555014180647317,0.29093067864200733,0.2008040442848946
5054,5.081648907940113,2.2997796357976648,0.16656952109615683,0.08157506937560663
5055,5.5938071904733055,4.8789943393709345,0.35220402857009936,0.16578637466030224
5056,5.508370942633263,1.1162217887317638,0.2089431470055517,0.04493389492484093
5057,4.97677317204239,17.982987578421472,0.23270627367126517,0.9619124107366229
5058,4.6096604810045445,4.294090039661991,0.20662872776017274,0.14027870756714012
5059,5.574559395245436,4.0872356270160095,0.2500614886652596,0.13609609693373903
5060,4.24155359722223,1.7955934061237209,0.16319336541245086,0.05406234897121006
5061,6.388292519466448,4.242953809432949,0.33111004910901654,0.1392352679442366
5062,4.316346509943834,13.675679161659705,0.23956683040668383,0.6831026524141935
5063,6.167250616250265,2.571569487072898,0.3418030712380891,0.08515861052421016
5064,7.15077008224425,3.355147753933639,0.3362847193559751,0.09420189763814661
5065,4.726499556605926,2.110857140464511,0.24525481418001924,0.07807654434613093
5066,6.176194486084415,1.670725797725534,0.2701043928962261,0.052336771608882955
5067,6.7707644704295165,10.99731217877355,0.3623396113400045,0.5537702355176345
5068,5.9051673695767475,12.70551210466672,0.2767421709142625,0.6366689700561626
5069,7.947858617563819,6.93539426649944,0.4646648653136953,0.279690397136357
5070,6.406636282722265,10.300478266895595,0.24935514841602865,0.49735841163493155
5071,5.237101221193192,6.804455803252995,0.2381209669774735,0.2753291089540092
5072,7.051930186229207,9.211559125137365,0.3125732706031668,0.3882586753871809
5073,6.654296143151742,1.093048463097406,0.2973857190578302,0.044428454224953194
5074,4.9047136486121685,2.2182139159885375,0.21009148243751827,0.08013136403573642
5075,4.780963485449038,6.362646473248204,0.2928285252178764,0.26310227577079426
5076,5.057666510539563,7.688040956797227,0.1981637469755968,0.32454572824142547
5077,6.733653915212927,13.841145413004503,0.30836117221098774,0.6889329478744864
5078,5.332498268286283,3.0666921152213624,0.23065601957657467,0.09193280621718433
5079,5.7552802932638185,11.742123644259518,0.26796924562329444,0.5901096666114338
5080,6.387878419586805,2.0342854987322947,0.28721444896826276,0.0768498674420474
5081,4.761418283390393,1.6062926911176318,0.22443673604269887,0.05134793446291647
5082,4.687460437352224,12.031710032088379,0.2216240071205298,0.6041527765023467
5083,3.969562492713307,4.183255601179252,0.15378471110121236,0.1380929016342645
5084,4.071944635160489,1.7547087715689758,0.24364542862173655,0.053577665127268984
5085,3.3668916084531637,1.0818120231594688,0.12405632002491385,0.04418404310821045
5086,6.444966285532885,2.910749198519282,0.31994219556561226,0.08989682150864414
5087,7.7880377166820125,1.6555840801511597,0.3415163692844125,0.05210720857183626
5088,6.573414655669471,0.34457434198414255,0.34508145835741894,0.03124082363732779
5089,7.075160390739867,7.516487935687841,0.34014198005495216,0.30149298670661434
5090,5.199968591786836,2.173059131737895,0.28656321790662476,0.07928030568461286
5091,4.298889444587728,1.0051423000927158,0.18922338787641482,0.042543386692531715
5092,5.951989674906727,0.34523107060548835,0.21041242598423995,0.0312699112299553
5093,5.299493958866818,3.258887693997985,0.2897964532864536,0.09329716005651767
5094,4.483537402529719,1.9923757074236499,0.1651353180547158,0.07598735728130494
5095,7.519890545822728,2.14555289394205,0.35881236632896246,0.07875215286615654
5096,5.379704930548915,2.9416424202947855,0.14180696597451356,0.09030927288865268
5097,6.560654922913366,4.968337853469916,0.2213035418943813,0.16770096679764143
5098,5.907370356488811,2.7835366349542032,0.2540099238123628,0.08830296825259777
5099,4.944879428251223,2.9622243892639792,0.22906277371178532,0.09058137558862403
5100,6.471191717301229,3.63293272832921,0.2409971715089723,0.12705995976308643
5101,6.50925132668124,8.211343702688255,0.3475174792054249,0.351322267519195
5102,6.43863340812919,6.224392672531781,0.30722286327278603,0.2579569678947817
5103,7.273291582395476,3.1548177628462604,0.29455778274441846,0.09251195340689117
5104,5.726974443674373,0.5794382244198231,0.2689599645096324,0.036809228720994035
5105,6.229799864612913,6.438648000705745,0.3601887411860826,0.26469667122379803
5106,4.261135566308385,20.67825524437655,0.18814145582823433,1.1793649391632979
5107,8.656843750855016,6.620181763654236,0.4448133753407956,0.2714656839385953
5108,4.506741129883797,4.411989951068218,0.11531740618633496,0.14265444595503157
5109,6.597498080894049,4.01044638030434,0.35987587142942545,0.13456519052900648
5110,6.191009333424761,2.003363867938845,0.286106921956319,0.07621526022103683
5111,3.848135717402504,11.148923772387349,0.11639833344957472,0.5612094052745248
5112,5.8629569776801,4.050751075438418,0.3459902810731959,0.13541556127719748
5113,6.294059480119099,15.480049309046318,0.28626626584402576,0.7848769601375741
5114,5.677250667924548,5.296518674846247,0.24893996377712305,0.19436199850749714
5115,5.665717484579811,2.3089872881182036,0.24674500384703751,0.08173884936849815
5116,6.3973367733601485,9.31106158169668,0.2832605753571729,0.391857331850354
5117,5.549715694420617,8.020216005606677,0.22437113459605043,0.34344076014502983
5118,5.226659971400443,2.454381813751322,0.20828375154883538,0.08422645369653442
5119,5.6409765725816,1.6915393163669532,0.2671105243107569,0.052649286943060494
5120,6.415750426695156,7.828552993751525,0.3334677378940816,0.33025781285373595
5121,7.482497842075904,11.019931281018966,0.26478170042676874,0.554881385045859
5122,5.670662830137543,8.028316923040038,0.13466836013338124,0.3437768993009705
5123,5.599594004358516,16.58534547966321,0.26654386033063776,0.8435789383569531
5124,7.13972711058168,2.5438220318616716,0.24859410297171872,0.08472381345903243
5125,5.9912758711201715,8.429530967764894,0.33154904210674,0.36017118667787773
5126,6.7725872210828,7.608213499161941,0.31953860613640067,0.3049372622178738
5127,3.9204810886818486,0.43756868417150047,0.15913142464091876,0.03348363195658348
5128,5.21672108507036,9.077287240999604,0.23578505708973949,0.38332202278800365
5129,4.8999884385348205,0.6960428440234121,0.1864222234932719,0.038828708873520724
5130,6.114747415026071,0.818509214631708,0.32328318255060023,0.04063548867203483
5131,5.438444295694116,2.15690402356586,0.25824683041552843,0.07897101263084115
5132,4.954205360791649,7.851038056563239,0.30885802777135757,0.331168508293479
5133,5.079795563160599,3.994609153747092,0.3330279721232705,0.13422999839800714
5134,4.837320344943197,4.7767052091858995,0.2533006819268009,0.16354698291605532
5135,6.76464151463222,5.216147515575774,0.20898698864392584,0.19222001648799927
5136,7.331016728675965,3.5534347123902053,0.3342766958727285,0.12547064018687573
5137,4.873172410528438,4.391665940498852,0.21391986693835294,0.14224801288110653
5138,4.781197011953473,5.300522187170659,0.25882478140724247,0.19446797887079223
5139,7.121052082593661,3.1404491157859593,0.3307762765430812,0.09233399486418671
5140,6.515576283457684,4.0370631783569095,0.4031365301064132,0.13512720154649635
5141,5.546478806037029,3.787293374354935,0.24187541728025858,0.1298520448502218
5142,5.182495553326773,7.808319621781004,0.17134902510930453,0.3294374414339422
5143,6.318916538841278,5.047992974032817,0.36211214579576884,0.1693747303252101
5144,7.296272924611395,0.4452411091574982,0.40871177392085845,0.03373311640683674
5145,5.1906309693113455,5.339677123104332,0.2835433812213516,0.19550089810686086
5146,6.71069986294716,8.171191740735793,0.3853491936256436,0.349675620039581
5147,5.541944317573745,2.1993219376649455,0.23725260827897168,0.0797776614724528
5148,7.243787275077538,0.8724819127675586,0.3153440638265254,0.041839893853783325
5149,6.0026405364539075,2.393907231301506,0.26997267405451303,0.08321371324376377
5150,5.782948603251663,4.625512615976382,0.2443822818711284,0.16014841068161786
5151,6.479564440887288,8.760593930178619,0.28561280293372077,0.37322169766244717
5152,6.760715245924064,10.197180845251708,0.20284134556630126,0.49268822019475117
5153,7.345754676252237,0.6097069143921957,0.3166192589406936,0.03741610949315252
5154,4.758719196589339,1.172358823883941,0.2873396631937656,0.04615860680791958
5155,6.012922107262512,1.9399808151796636,0.29170918593759876,0.07488330090548308
5156,5.273585260624851,1.0754224032759274,0.24705704352693128,0.04404534782070252
5157,5.277620613520464,2.0058201735422245,0.3411376783803327,0.07626603402607778
5158,5.2537862498601635,3.742889643189558,0.22160846977685048,0.12888890213653326
5159,6.007457995966328,10.526808013796437,0.33699279484894723,0.5071689844546244
5160,5.531705511195746,0.8382334193387099,0.20959601886242976,0.04106364191188802
5161,5.756040771848389,1.0115371291577135,0.2717268757650241,0.04267776039745429
5162,4.623351974381149,10.853566199739276,0.14336556610105247,0.5393616933643867
5163,3.6151117857270907,0.3593513232313181,0.18828470771708483,0.03192023859588846
5164,5.129233035747054,2.895202677031071,0.18009910330735177,0.08968734191058034
5165,5.194968551164467,0.8617263784626447,0.2861874841452999,0.041591653102091716
5166,6.284024785542214,8.304259867733677,0.2589749589877601,0.3551120100082211
5167,5.571549059163849,6.507977355800428,0.16613186537687932,0.267277129965049
5168,5.771316013366724,2.1750056036856376,0.3029201445975419,0.07931739827010788
5169,4.762074544259444,2.051032777615674,0.20565650300783583,0.07718944503703662
5170,8.673217307642341,5.69378990789344,0.38343097451140123,0.20429158775236508
5171,5.608125411077904,3.370459026751678,0.2297046972321122,0.09438021374138487
5172,6.4929611784239345,5.059275186315902,0.2700726175576958,0.1696092508425042
5173,5.060599381808524,11.498061932122738,0.23436033053002003,0.5782698494583568
5174,6.5496617482745725,8.250583997744748,0.3401712011960633,0.35292639202487197
5175,4.815758678774977,0.6691374041333323,0.2851410720713869,0.03821969414485317
5176,4.915476969107287,2.007439441856357,0.29298212841078075,0.07629947128669701
5177,5.869996976925193,3.0651225364671006,0.20043606893125052,0.09191284979321708
5178,6.013031454525372,1.4329410963288258,0.23450075185398783,0.048817689146043196
5179,7.406223755188802,0.4676654648262388,0.47364396426840516,0.034445840812642736
5180,5.917060289787253,17.931506726754854,0.23865150015641437,0.9593211998661887
5181,5.5281379167375295,13.034204670003977,0.18672664734265926,0.6524594751641454
5182,5.368223427283158,0.6172363759912703,0.1967382876658356,0.037595746490613785
5183,6.187050408608036,1.0574640843796221,0.23670458289507493,0.04365697136908106
5184,5.7107607781192575,10.57330026593553,0.17274114782416003,0.5092393911301027
5185,7.590984232003886,4.813707803101066,0.3434532432970063,0.16436281524313123
5186,7.4998126246086185,1.1263754257498988,0.37216956494435754,0.04515564558404056
5187,5.79006198038059,14.742547049722178,0.22457239376071195,0.7485424251724845
5188,6.641981276708148,5.2965046916402105,0.4006785904571822,0.19436162822693867
5189,4.397411635403315,0.36090012705824753,0.17021258991088692,0.03199447617475457
5190,5.423082083265446,1.6141182374329464,0.2366926839292083,0.05146934322294923
5191,6.063678192357098,0.7444087913200441,0.3168749053485096,0.0397284098473222
5192,4.165448806681658,1.5855662469747522,0.2232280184069458,0.05102563330012055
5193,5.442436510297422,4.876272440700132,0.21756828878261505,0.1657274339146704
5194,5.752176981463637,15.489217850882607,0.3356861410051372,0.7853246890214047
5195,5.585389195391076,3.297844166810325,0.35832054034020283,0.09376122442845422
5196,4.453697681601547,2.9878977253745997,0.2149886582064768,0.09091820314100503
5197,5.357501918739348,10.989817105601496,0.2729399528588897,0.5534019417271311
5198,5.878932583107978,0.32816703944394165,0.2550938112563392,0.030545921165090445
5199,4.113105653897125,2.592063062175822,0.17897605420953352,0.0854762622841303
5200,5.483526252680275,12.326706997673238,0.28934877265700193,0.6184142392826052
5201,4.308877143089566,2.716260059143124,0.22306790635411503,0.08733758241243679
5202,6.834237159778046,5.865025624066534,0.33186910474606196,0.21725160254212245
5203,6.391501134946766,9.282642624128446,0.23624447927136,0.3908346406881459
5204,5.5472623654999005,2.5788973870268666,0.3636208798657619,0.08527254906898765
5205,6.74968987654178,10.47619283081368,0.23575047115326894,0.5049098929495174
5206,4.833751214975047,11.638575580689809,0.21992422075603638,0.5851113388732802
5207,7.65001213820871,1.280908487622296,0.32917887531047807,0.04814609789794543
5208,2.8581712373678116,0.3297238568870248,0.13132954658556215,0.030609243264387638
5209,3.773605433969126,0.8159912713108421,0.21065816096632867,0.04058123986559011
5210,7.001119881461559,5.855581107137379,0.2395564209577131,0.21698407438991804
5211,6.505145815509835,2.982519799598331,0.19972068364790216,0.09084791525620398
5212,7.350966496633272,4.720460348579269,0.2739656852102759,0.16229470308886726
5213,6.961510362541233,4.621236525674591,0.28752358574851566,0.16005082443459642
5214,6.15370704811354,4.600678003946128,0.32610765613140863,0.15958056707852206
5215,4.867914361939232,1.022896077697464,0.2261992928112357,0.042917708765654566
5216,5.730371303505457,2.027879243228386,0.1938694289955407,0.07671920498292262
5217,5.156926701430483,2.0893785160272853,0.21401123041011771,0.07795805650462043
5218,4.7326195576410806,3.275307980549921,0.17740643974558876,0.09349306829646963
5219,5.412816960946798,0.5163462156823518,0.23245087956246432,0.03517280069829891
5220,5.849552396747346,4.0127859696992925,0.19710124789832845,0.13461465784698387
5221,7.619864808728123,6.464472743333423,0.2955050675599243,0.26565722106774015
5222,6.433818299951479,11.519340827751968,0.27605887929484235,0.579306744092636
5223,5.684870269714002,7.340355232200719,0.2363297772853885,0.29487150497875736
5224,5.350361737501708,2.962698580951439,0.2488572541561689,0.09058762656525884
5225,5.142912305493036,2.9556409490637248,0.2348530442651315,0.09049453350663528
5226,6.4347775954194475,6.048558120194407,0.24534541444130198,0.2245406832121781
5227,5.7634423366682865,6.099348447005185,0.18201828975306222,0.22601551704896927
5228,5.588524947792648,1.4329810694247647,0.28354732191623555,0.0488183772006464
5229,6.088165004992663,16.472666179331256,0.3227841012205909,0.8381418858347555
5230,6.140401996134249,1.9321494321576496,0.26729037697230684,0.07471580840076468
5231,6.627875788434084,6.020360718203176,0.3952597649569204,0.22396011276657077
5232,5.7832205424374115,17.17381615347423,0.25736711691338576,0.9209294774323672
5233,6.070414021226086,8.710759236798516,0.24015056429066386,0.37128918196241495
5234,5.440398531587137,5.877736399238137,0.286626179761249,0.21761140683355626
5235,6.307929051330279,0.5907249215599368,0.28567793951219506,0.037091373363683164
5236,5.819438640651449,16.65437554067315,0.25214513438307773,0.8469014466927473
5237,6.783469117360697,4.264144761841936,0.3059578593416969,0.13966858941462315
5238,5.894541874823708,11.25161637439907,0.30342256496538444,0.5662371819159563
5239,7.700224012683016,7.028201288396625,0.4558375805242956,0.2831582251610677
5240,7.220360191181613,15.146557862585496,0.46331944389846497,0.7685215961050933
5241,5.000481748674978,5.919646068698861,0.2113092596387138,0.22102487541946847
5242,6.030638055764868,3.9396485226015305,0.20199507107152534,0.13312538509448488
5243,4.687284500259204,7.520520502607507,0.20213694256073025,0.30164450390028447
5244,4.466361360400177,0.47989345143069834,0.14144828272526305,0.0348236251554056
5245,5.992194867066211,0.4217968388247359,0.26458411530957093,0.032965498852170504
5246,5.221392862876484,1.8299107409544295,0.17051654501232846,0.05453996622466514
5247,5.779459891412832,4.991629029646268,0.274475797760421,0.16819363145032648
5248,5.138857989635588,2.0017687898362992,0.290441247522243,0.07618225506610346
5249,6.359331878331312,5.528316140108643,0.3512585350232814,0.20012437206825076
5250,6.069433833832785,2.731139278121481,0.35064594608771404,0.08755357446985462
5251,5.673043603987969,8.024135002397387,0.2345734502339558,0.3436033957717071
5252,5.008645447666281,16.834073164391878,0.1644391349252919,0.8671969246990324
5253,6.372184422338254,12.364091603153327,0.28659751558542,0.6202186712288622
5254,4.916496662969422,19.19384246265424,0.20206370181231995,1.0806946700529387
5255,6.246335403182337,12.149810736302992,0.3050941589724772,0.6098672946450124
5256,5.941500228106883,5.081844232882847,0.2633533735277069,0.16975985752400952
5257,5.600857607122662,0.8808102673425094,0.15488273803922867,0.04203369537297294
5258,6.3175981668597485,7.132651581600695,0.386683031408516,0.2870706781973336
5259,5.705240185185658,14.522089600733498,0.24606233083365975,0.7375763287545967
5260,7.540858521458723,6.285639555078025,0.407636559587808,0.26023403705662457
5261,7.565492209859466,4.1090168918002155,0.32735117065204766,0.13655113896292936
5262,6.46589241782809,0.8228623305488271,0.24794947675298726,0.04072948427115462
5263,5.361411440122843,6.39246394662961,0.19216506158344285,0.264214583781622
5264,6.400982624247377,1.9949886459336543,0.2824835819542156,0.07604166561759068
5265,7.197026820719446,14.85136454993105,0.2670173010569664,0.7539396565681381
5266,3.6019427853673416,8.294373164155129,0.1808379594303127,0.354710205309483
5267,5.9335788106538265,1.7044121621482846,0.2045214087848312,0.052840819973154055
5268,6.65622607764893,9.317250806937222,0.43678430170581256,0.39207952034698274
5269,6.802236557063808,7.277637615655436,0.29897676327534556,0.29251403849143337
5270,7.399261084081482,0.6196297243856442,0.3337771590608363,0.03765269925084315
5271,6.22145469269971,0.6700301691079826,0.25962078641833586,0.03823993097261717
5272,6.642776730875115,1.4855482625113727,0.2457052130210711,0.04964876557765269
5273,6.219570394832833,1.1876482867385394,0.29557261328173634,0.04649074478870959
5274,5.78438915483227,18.505732019218897,0.28381124522698015,1.0428302995106158
5275,7.067683069518916,7.657126191796071,0.28317144777809744,0.32328491879942156
5276,5.36546352570113,12.273706729443717,0.22035765182014985,0.6158549986393727
5277,6.787281570255049,1.850721551840028,0.35888468899097775,0.07293610929948482
5278,4.71896864417245,5.609884888183109,0.15118905047723094,0.2021919840016804
5279,6.545076544552254,10.537196230784076,0.34669435721521497,0.5076319798980774
5280,5.444290026340922,11.3422717555217,0.24122147473150304,0.5706686622661538
5281,4.932443711558092,3.0098659026941035,0.2580725400871089,0.09120386857243287
5282,6.222418676676855,0.628081653705323,0.4032186232639697,0.037856690985654154
5283,5.48955268530973,13.575636329046034,0.30218902244063167,0.6783421786997293
5284,5.916321988898825,4.118655824639453,0.24796500297799876,0.13675212696698577
5285,4.420633182115867,11.067536785329352,0.2128273162789389,0.5572184739155741
5286,5.984528063502293,15.845115304361912,0.32875638279988506,0.8021718287622885
5287,4.357050739664774,0.8681074059054578,0.19830944747909085,0.041738653776044285
5288,5.369697499312453,1.5981886956325329,0.3156626894288663,0.0512223157165258
5289,7.047485129475289,11.743117938917425,0.28221443547510133,0.5901579644393471
5290,6.270986907020358,5.344274062278859,0.3655379394650981,0.19562174078837644
5291,7.585281257932661,13.36431781251897,0.3658233487817046,0.6682623556003905
5292,5.4250167739187285,5.355143498001792,0.27041513995309635,0.19590711724171636
5293,6.323188001690684,11.929220769698112,0.23802506945930577,0.5991879123790832
5294,4.996685444409677,1.8074795739251441,0.1350301935913366,0.05422879072012019
5295,7.3603424236752275,1.0523892433984197,0.32993467641239815,0.043547674923836786
5296,5.884030058001707,13.176110382440818,0.20798522305351894,0.6592603390452582
5297,5.096241303517611,1.2840280249674454,0.18591773352941388,0.04820995096609401
5298,5.648541647276255,1.6143827682140537,0.20292698191153577,0.05147345486470363
5299,5.719994570750573,4.405953380809126,0.42050910616629117,0.14253386739255672
5300,6.173089182639783,0.6322266614919628,0.24596458288327494,0.0379566772558353
5301,5.32706832587836,6.196329196762798,0.16565474506504493,0.2569147126361673
5302,5.594046760538617,0.7531942223381299,0.20345516945684292,0.039924457152829856
5303,6.623670495297023,4.578480832836843,0.2709979165427252,0.159070835720202
5304,5.6442332818896,10.937876917855105,0.22299095470592437,0.5433673797033994
5305,5.813868629104191,0.6114294521476134,0.19865194281738688,0.0374572716896976
5306,7.589007110127127,7.71875296842072,0.5106380512558193,0.32579697964976445
5307,6.019620046374672,10.10381960933748,0.23674941918544137,0.488444735733808
5308,3.896291702839695,0.4063040971835564,0.17912280718385296,0.03245033609311998
5309,6.166907115909489,17.108589848365572,0.28292978537422436,0.9175996126245523
5310,5.481457125162191,2.0502638743179493,0.2783941390168646,0.07717391758484635
5311,6.124754818194416,4.693489389131427,0.29822013308876705,0.1616890847711743
5312,6.61276815152282,19.32474789320177,0.3619383149127352,1.0879095687554536
5313,5.688097415261686,19.754584687713717,0.2024619606580861,1.1115320004763043
5314,7.175314589863669,3.959157877703063,0.47086482816234404,0.13354090532462323
5315,8.170356274839905,7.5964932845775355,0.3854619244457815,0.30449746578152864
5316,7.742366716847288,18.536444344501728,0.3743247642786548,1.0445360737353768
5317,6.510611622925796,2.1956363349035506,0.25436702231121905,0.07970826962112784
5318,4.592091714795602,0.7298638200144175,0.20254762373542617,0.039405379915694
5319,4.824920579875369,12.506690124970373,0.1756799642126685,0.627095667015154
5320,5.806597105763214,0.32647433679592897,0.3685656832955137,0.030481064212721634
5321,5.265499372458892,11.390692332976673,0.209152846801524,0.5730330383801029
5322,5.264231916655775,14.318695974465204,0.2353385126710588,0.7274260006527827
5323,6.984780880503174,1.5527276599627442,0.38838014860216014,0.050571523726666116
5324,6.69417176853556,7.817534848001885,0.3970377182590351,0.32981117714195674
5325,5.434343066372888,10.811990603243544,0.24653391484487505,0.5198014919758088
5326,5.9861980695554085,3.052911072548453,0.3198568769427533,0.09175721441049581
5327,6.1817021894273045,6.149151494292835,0.35740852135259005,0.22746015788043972
5328,7.260985874528082,1.7064616463621214,0.2992106295875718,0.05287119075467349
5329,6.434278669891444,1.1298189208160991,0.2756238730606216,0.0452308574735808
5330,4.486511839526446,0.32416358940479345,0.2208675557506713,0.030396182803124772
5331,6.216817503163515,5.365789041303996,0.36732545630960545,0.19618613181157482
5332,4.547979764733632,0.8788317492767805,0.24762542691810321,0.04198752894110861
5333,5.651027186251777,10.776934004569455,0.2837018467718995,0.518257081525009
5334,4.951389991681949,4.224518075663946,0.2066707475081021,0.13885724988557296
5335,6.303507073909166,10.073494047855258,0.3385834027587106,0.4870615468489743
5336,6.408022409135971,1.6397945533359461,0.3125250785672019,0.05186589572136675
5337,6.001962798165264,0.7510554860951214,0.3744395462810297,0.03987665624996829
5338,4.2911181166757615,5.443453120771291,0.2609364937111492,0.1982072673565376
5339,4.840564664801316,13.910861083727177,0.17289266040169562,0.6922296399408111
5340,5.229042190406893,2.9048055492830516,0.2196659396779018,0.08981688854040315
5341,5.092532433450818,6.79071194758076,0.27080874676474553,0.27481720433613305
5342,5.855562565563107,4.12358809803053,0.31449767412440527,0.13685488129281007
5343,3.9651509318589198,6.517244645731567,0.15294842123674363,0.267622491414721
5344,7.121006425583098,10.296639853252994,0.37369547314893276,0.49718532292016376
5345,5.370272007166048,0.5901881711869602,0.20574937929123874,0.03707798867489629
5346,6.660967964378382,8.962344519829978,0.3287007876887495,0.37902212035289407
5347,7.307773441671884,13.366481434954132,0.45991066885741705,0.6683657147832925
5348,5.5875246936972776,9.863120770748996,0.3047860115372035,0.4773962966510315
5349,4.778252258353986,16.069470797119227,0.1558419361583792,0.818545773318253
5350,6.5599228152906335,2.5661500177893837,0.315666288738734,0.08507408898089056
5351,5.84508843191342,3.4188161671681656,0.20975221530739632,0.09493866079880427
5352,8.229487219683044,8.776050014864019,0.4311492121910962,0.3738186260617154
5353,4.777833000860566,1.2440424306837876,0.25885445721106365,0.04770418354605645
5354,6.317422704977697,1.515044414626627,0.1679471039133055,0.05013592078820102
5355,7.249782407789367,3.3409093709197646,0.29531153748357725,0.09403540495880619
5356,5.400545565430126,4.722192117883174,0.23803916067234918,0.162333476835224
5357,4.861068807481594,8.049480070413152,0.23435090811126166,0.344654240414664
5358,6.425218995817432,2.0490643969629687,0.300780532331448,0.07714968285312607
5359,6.207706954524306,3.8585249007566165,0.28631787203840947,0.13138859401356545
5360,5.860828306827105,2.0426986134001734,0.37867699407775185,0.07702081805066013
5361,4.815667790643249,2.202903848091808,0.18199557477444098,0.07984497497650996
5362,6.6322547913248515,0.46039034678377977,0.1628414167511381,0.034217411509090606
5363,5.517826853935111,10.51458339483203,0.23983256658518307,0.5066238562419398
5364,8.465502397211536,6.77286139551395,0.4015125246582994,0.2741526785742825
5365,3.728263236324373,5.929903522027845,0.13123808572628845,0.22132430494056995
5366,5.857735638749137,3.4245128772586013,0.20799803861192134,0.09500399286508002
5367,5.604910846517027,7.018533521099648,0.21665249494833835,0.2827965798585241
5368,6.903263848693829,1.5313258232957323,0.3004395864550194,0.05031197944142944
5369,4.739121396748808,2.828907805890609,0.1403229828814085,0.08877954390661058
5370,5.514011774685273,0.6008468727280534,0.2824981381381561,0.03734284865464449
5371,5.4956921996103985,0.5167343680635015,0.2863004573714592,0.0351832903637411
5372,5.192520338101176,0.34024070632206743,0.14112469961266363,0.031051402205874146
5373,5.0559811642647725,3.258856999610838,0.18534906132656323,0.09329679176727633
5374,6.598354715082746,16.49141010933208,0.31017661894477216,0.8390475086874624
5375,5.994266583209014,0.8431291684434753,0.30650674101405784,0.04117094983743462
5376,6.581346343172307,7.679608560373663,0.38273944719184433,0.3242019496944171
5377,4.781268269493693,0.7447113095003254,0.2897369873184665,0.03973514758641946
5378,6.773745908218523,8.153088200798674,0.3339337221874428,0.34893151310229115
5379,4.374335424325425,16.56098080906446,0.2627815567396355,0.8424047239794216
5380,5.064781394863329,6.322245646403164,0.15822764844983153,0.261596717670078
5381,4.69564856413153,1.0011910640265045,0.26318045735180434,0.042460622732862
5382,6.095552367934139,13.503980842914501,0.16838382416494377,0.6749277910803019
5383,5.636068152427561,2.273004359787817,0.2214915874527961,0.08109440512840761
5384,5.225625076007101,1.907139222889624,0.2971394480393898,0.07417659411932367
5385,3.2598256363578515,0.7127412838624273,0.1696524680107274,0.03920701114380826
5386,6.219377646104994,4.119029870719264,0.20083758755175926,0.13675992167607198
5387,7.591039162301403,2.297617990984834,0.4243735369475879,0.08153650762359492
5388,4.133061593418602,11.19407764200458,0.12154625109443873,0.5634211763232867
5389,5.380032255647242,0.43482992558757066,0.21607857524350776,0.033393943920571226
5390,7.317797544970497,1.8011476466552758,0.258317358671827,0.054140259427185713
5391,5.516516955863399,12.710356796291162,0.2591937330946735,0.6369020208237595
5392,5.101819923102014,2.3155453565779798,0.1627662648994849,0.08185503171489776
5393,5.382418874596892,9.844286137270206,0.19625273322746675,0.476524694214328
5394,6.32584740798718,14.44186374532625,0.29779218767460097,0.7335761626039715
5395,8.641634667578614,4.929725592819872,0.40706779458022985,0.16687832425544585
5396,5.03427863787013,9.1682548094728,0.32173340507590625,0.3866767071222542
5397,5.994331107058966,6.266665783140399,0.2663602154246662,0.2595282484993081
5398,4.805105911393881,2.9831792729692324,0.2821619641758893,0.09085654198212445
5399,5.431591052346623,0.5168693699730093,0.15632205527111812,0.035186937320441654
5400,5.286488596050398,0.8173952657581137,0.2907336401207799,0.04061147807238625
5401,6.6631333510505995,6.172131721244031,0.34424109924882923,0.2560165452077979
5402,6.8242359981154515,2.321327109401667,0.24963841267840645,0.08195713901098989
5403,7.335222031943615,1.859322928218375,0.30223751464961657,0.07312740355561179
5404,5.600881184047834,14.182075238561055,0.21722050852513183,0.7205927101187204
5405,5.414193695988762,6.480102742358551,0.15976453531258722,0.26623895260135966
5406,5.0022756880780035,11.289754559339297,0.15460135772187975,0.5681022536940494
5407,3.64015378591024,0.7046380217836485,0.18829980594924003,0.03902330320090381
5408,6.307698383748153,1.4390470853962025,0.2972722702084227,0.04892264184472794
5409,7.099683268685079,1.9554364177438264,0.31806570144611435,0.0752119673539454
5410,5.393243289351171,7.863925387119196,0.17588364397205017,0.33168999331610244
5411,6.887080078796321,10.536647695528893,0.3243832038339817,0.5076075376311654
5412,6.087311817966611,4.17621432880911,0.3706691622520792,0.13794729702467062
5413,4.947033436257834,8.936846798398669,0.27079555549685075,0.3780590957791373
5414,7.007543441085723,6.230759785192831,0.2883425159404041,0.25819352993782924
5415,5.723920286104378,3.1724504481475573,0.2854490542931664,0.09259002893264998
5416,6.272902456608868,15.49028729332974,0.2568308036722858,0.7853769061520451
5417,6.9428137279903135,19.463448697820297,0.29699192445458295,1.095543739389755
5418,6.87178436918955,6.559888309982424,0.31856052411500996,0.26921302308902767
5419,5.628411936181483,0.8248427501783511,0.34766597713255615,0.04077233665873643
5420,5.985317992128008,4.965297750239827,0.1989496370844823,0.1676364633186492
5421,5.84412576684555,7.559290165971914,0.2751615646885153,0.30310081352987933
5422,6.642113473931125,6.03524006305384,0.3159234821907075,0.2243929575104553
5423,5.570570774461633,3.34171742023315,0.17642821134623535,0.0940448712376341
5424,5.725093808275097,3.605631389142045,0.18751016958254227,0.12645812151783695
5425,5.484522945920673,9.044173719409766,0.23843708154433743,0.38209025223079435
5426,5.649495053680355,14.794358002274176,0.2528450135106793,0.7511135602681177
5427,6.569087966209212,1.0059057740115738,0.29742464331953034,0.04255940195298481
5428,7.262458876195706,5.818581524866636,0.33019830194937433,0.21593446773026106
5429,5.570069059427752,5.84417139401575,0.27489866591168705,0.21666066857501895
5430,5.836452009754247,1.0022338036224325,0.3299440507305903,0.04248244464775633
5431,6.41986012327087,0.424396827151721,0.3422616313751445,0.03305129797928792
5432,6.2876307716686455,1.242161435467974,0.3362191715934469,0.04766405693634311
5433,6.6122590114193525,11.016208860196784,0.2974914184845437,0.5546985553207077
5434,5.827356396743785,7.79279756248111,0.2751769945121407,0.3288075558426444
5435,6.615122028444524,10.840083344122391,0.2259029872702859,0.5387202416792684
5436,5.991882046669271,4.115742637981961,0.2492027923111149,0.13669140710784242
5437,6.302328308760624,1.6762936868792087,0.221664380730306,0.05242071766050016
5438,6.466182178232293,18.995532362652884,0.3087064876693912,1.0699768742591904
5439,5.931142024380281,20.40053960749428,0.20982203426144846,1.1637590640186288
5440,3.9321908950550184,1.8146523014326217,0.17511404226238186,0.05432870869743253
5441,6.781642058383002,1.9969627612846357,0.23301333201248597,0.07608264922392802
5442,6.859297593837722,18.799961820807145,0.3410059143859917,1.0591523171874446
5443,8.138387843573824,14.170360780577703,0.3422617884195374,0.7200062817843176
5444,5.309889651770665,1.692696851829737,0.272986113276757,0.05266656442607176
5445,5.157971932520881,11.909373254269317,0.15325165197787458,0.5982258029417896
5446,7.855525141251956,19.234296463039243,0.36188241381824243,1.0829253068853384
5447,6.401474392982677,11.054187277790424,0.2651899677481416,0.5565633121517267
5448,4.090217216889529,0.6205776750150421,0.22023628024549816,0.03767529646032043
5449,5.4713271900885445,3.6754876811304,0.2312834477402709,0.12799500208481582
5450,5.960589475285924,10.751441364783165,0.20353329121985617,0.5171325569621714
5451,4.754412839374,0.42318618034924943,0.16277698372034718,0.03301137492916374
5452,6.344197868630332,8.35262660783106,0.3054434843952624,0.35707250010813424
5453,4.856672230757485,5.260583629824169,0.1826059338342889,0.19340768268971337
5454,4.9340367599978725,4.993841942645518,0.20957623755176782,0.16824030017479727
5455,6.505264449107634,4.7544612547344185,0.35109817450725406,0.1630534681740677
5456,5.003944533608152,4.601408411156966,0.22077158280650824,0.15959730503594774
5457,7.548443230173155,3.4845172935256454,0.3956843085328082,0.12420862642107042
5458,5.119360499712591,0.5221665469057799,0.29661005189486384,0.03532946471020748
5459,6.163343066571582,9.766901936713804,0.27318316077188387,0.4729321504903626
5460,6.299411348593185,1.1450823585886047,0.29569468877475447,0.04556414553114751
5461,5.171130524535681,3.490130141285214,0.25985940115908424,0.12433471266414992
5462,4.9803566408474165,12.321247262381267,0.1476335843400715,0.6181506626971905
5463,5.277429762902851,1.9180607549825908,0.2324677602065631,0.07441286783372429
5464,6.869130107988298,5.481448863460579,0.36569459544725896,0.19918692355279946
5465,6.32097127266409,5.546872325750852,0.40634822277982835,0.20059707524978115
5466,4.627476928514647,14.285070400535657,0.15462266255280818,0.7257452255824273
5467,5.266010520584811,0.5395015857937582,0.252805553578951,0.03578845671758041
5468,4.90605261726679,5.232560501473512,0.18570424363655905,0.19265967186902383
5469,4.870433453636299,5.098688024419272,0.1908044834423405,0.18904035967189317
5470,4.725917595376251,1.1555782970755324,0.194906058281095,0.045793125628592876
5471,4.066195522879489,2.2180790436229785,0.1369076001989145,0.08012884942899262
5472,6.154799954432421,4.540711889070672,0.1615188453858495,0.1581988618222806
5473,4.693447619030729,2.4516409587357013,0.20050591150789568,0.08418120123947274
5474,4.7428542259668705,4.802011424612983,0.23450987029476147,0.1641056304656434
5475,6.519158780048563,13.345561052630561,0.39103701151693154,0.667366193413473
5476,4.837663274674223,7.42889152742861,0.2636257645188684,0.2982003833630324
5477,5.659115286259246,1.583659154840174,0.24669830725079403,0.050995808603088985
5478,5.252486364183059,2.2032002318984296,0.18930016294343932,0.07985053924753664
5479,5.84088793815605,2.60967135843601,0.2520744883684462,0.0857467395652867
5480,5.045854841009878,1.775177994105721,0.2571911383576493,0.05387197766182475
5481,5.567936141306813,9.839397445528274,0.2537773649689475,0.4762982859440262
5482,5.9300053030117965,6.038138865459046,0.2963758492556024,0.22447726392813513
5483,5.399180063907864,1.7800229234968743,0.21172400719745277,0.05394115857422132
5484,4.587834658732061,12.039635096261698,0.19883824578323633,0.6045364627510504
5485,7.2270807397409245,3.9247179406311115,0.3270609405613235,0.13280681203092978
5486,4.175713059507972,4.701293548044668,0.18729991908434035,0.16186465924856067
5487,6.799447776375783,1.0004477380727572,0.43839749025863184,0.04244507543531839
5488,4.689262884202043,1.7652315228801747,0.15725535198634255,0.05372937581433131
5489,5.175902435920576,16.200628225083125,0.1848802335451121,0.8249445663096747
5490,6.139066778583508,4.4123198340610665,0.17742817149907833,0.14266103186478543
5491,7.326219165166621,16.934989951044596,0.3894415288682666,0.8721792922307384
5492,4.6648843472924675,8.08008200912747,0.21443397644033055,0.3459207603407798
5493,6.1130971103142935,9.3015324331555,0.3486241825142133,0.39151486684183395
5494,4.705649438399093,10.47986111324543,0.2676568144924127,0.5050737987582055
5495,6.308657736787986,0.5337104962554263,0.26090133861064585,0.03563634026420995
5496,5.082992408191937,2.0687716585227585,0.22574661995829762,0.07754624102578266
5497,6.047877005311784,9.141290547398407,0.24907780160762003,0.3856867828182698
5498,4.269346095902166,8.139280695615312,0.2344343977468944,0.3483633064827777
5499,4.390940505883626,19.68707936978162,0.15600568031034845,1.1078292780317787
5500,6.510861408109876,9.446381855289044,0.20505063182909064,0.4407325601532369
5501,5.460945344407738,13.444651833632005,0.18148667485856942,0.6720979459104367
5502,5.221457633100467,2.0180093289074486,0.2887150061546579,0.07651706614387391
5503,6.29721412607416,2.895420351857926,0.33929587016279356,0.08969028397543494
5504,4.231320247357389,5.784684385174752,0.17590396049345228,0.21497061269343418
5505,5.779906689147397,10.580928634621863,0.26445602225371534,0.5095786794418422
5506,6.249042747156025,4.725011426951972,0.3013682093960934,0.16239657110887787
5507,5.480152760980128,6.958643840280035,0.16288168495147115,0.2805583132689705
5508,5.814559697813549,7.367409449414039,0.20224645950551925,0.2958886808212979
5509,7.954454762302944,1.949561698479667,0.36950146855657623,0.07508733538614562
5510,4.881308499073872,6.504357050372742,0.25128898974431174,0.26714224107262763
5511,6.108732523684918,4.796784944910542,0.2322921750128474,0.1639904997086246
5512,4.74594134535638,4.540755631463461,0.10176055771682267,0.15819987504368813
5513,6.029191681900038,0.3198807908032694,0.2777979696882034,0.030241517077090566
5514,5.746214603399404,5.371255642228093,0.3508194602788927,0.1963292230562711
5515,5.70175851136547,11.364207335820762,0.2457981342649501,0.5717399918075882
5516,5.758047212652053,8.710516334268211,0.2116551776845778,0.3712797334469178
5517,7.88725339126485,14.592726743124144,0.33161215095224067,0.7410943353039733
5518,4.590031476650286,5.122073882232875,0.22446945953052685,0.18967805122821682
5519,4.938649501554027,6.861765890730255,0.22931494806696098,0.2774660863448743
5520,5.819313580832237,0.7753696087302804,0.3683520023472005,0.04014435202910959
5521,5.219434168837668,15.079875341254791,0.16972941894119495,0.7652356964510628
5522,5.294711412341381,8.95463225860991,0.26842183662384317,0.3787311849964115
5523,4.0414922744095705,1.7380279530982892,0.14644775057566906,0.053335376424935105
5524,6.1404758037227944,0.5734772017206035,0.15896715628717578,0.036659588917134694
5525,5.787328970793974,5.048556554659231,0.1626666545743133,0.16938646035758323
5526,6.525136335870781,0.3179329528456725,0.2657792379609665,0.030172273012060102
5527,5.776910000759576,0.6203387807215289,0.3421697321803838,0.03766955962452771
5528,4.872641708195788,1.0975593585411865,0.19920522548439626,0.04452672401771443
5529,5.3313160382875315,3.8080104855428853,0.2923334767636133,0.13030002645336444
5530,6.48065452261752,5.887906718434658,0.28879849826717924,0.21789909986995734
5531,6.79752770771296,4.753833103432615,0.28830575968809363,0.1630394984392324
5532,4.704971633486977,13.106146464012344,0.1604932300577233,0.6559086706095073
5533,6.643284629940847,14.677322918847388,0.24983730630557532,0.7453022546949035
5534,6.284166481413223,5.2315797947330305,0.3070374381519397,0.1926334337827655
5535,6.937400512191026,2.831037567348862,0.2539884079185289,0.08880908065727017
5536,7.386168302475289,8.694597641778522,0.36474522375224705,0.3706599117602198
5537,4.7671624838421245,0.41950866000904,0.30777360299283457,0.03288980903982887
5538,6.219100367768031,15.543232157356888,0.3387531109056176,0.7879601440640359
5539,6.309728302686997,6.4992200343153135,0.31828524250578166,0.26695086797719997
5540,6.3256557419360036,0.4816981800921756,0.34761221129127795,0.03487873458805152
5541,5.871135067624089,11.43305529044381,0.19210982064151286,0.5751002135721436
5542,6.28982866200045,0.8436526843168607,0.23015673409238213,0.04118266015726611
5543,7.718776742807482,10.972981935775238,0.4062211331466304,0.5450325402703973
5544,6.463228815353642,14.80065198461564,0.28747468681030885,0.751425733684521
5545,6.457543546532082,12.719402443104727,0.3681106399071255,0.6373371272378285
5546,4.751187404763755,2.2845820825426846,0.18094803185531613,0.08130305380847286
5547,6.086626323103838,2.296581139803235,0.21684400171227425,0.08151799603604967
5548,7.157041133365451,6.259535009584288,0.42978270511662187,0.2592630854595028
5549,5.3446367405243125,13.599350820483016,0.16085499052690244,0.679471325731003
5550,5.453234763010427,7.994856635003656,0.23642857299405812,0.3423874335351125
5551,4.979307943037654,0.7446342205295239,0.2604072476357496,0.03973343056430947
5552,8.119328512067629,4.09127591259006,0.39752605956013637,0.13618059430859847
5553,5.364174383531318,1.2691452438743593,0.24767645140917352,0.04790464061358367
5554,5.195272685728564,5.183100696098209,0.2183677929534888,0.19133132133800398
5555,4.458960286017205,1.7142626774148746,0.21170832546252763,0.05298648355314531
5556,5.861701628299321,3.1246017732131564,0.3021831000514798,0.09213673774233147
5557,6.155628369582426,5.899332754981802,0.26540768497167705,0.22043153510747024
5558,6.077261189392874,1.2010864787065538,0.30516908724535274,0.046781769150697525
5559,6.064055215980405,11.911462063251058,0.2355806516797184,0.5983270680722014
5560,4.870625788431716,1.9198423827274076,0.19501228512113986,0.07445129226427817
5561,5.542426703217247,11.087936838633752,0.23639547026284705,0.5582193572909181
5562,7.623811627139886,1.0592480818271173,0.33033996084684153,0.04369544526548463
5563,5.548949841653081,8.09885825300458,0.2552928242417917,0.34669656760330997
5564,6.990354447977002,10.206303475908687,0.27565866634357067,0.4931016960838992
5565,5.118963661266121,0.6598393190983096,0.26019301877965867,0.03800867630494188
5566,5.628445244267013,4.5953011335156555,0.1871469165140404,0.15945728225961425
5567,4.318201914427452,12.95102251875091,0.1655944523528131,0.6484680120337291
5568,5.944884670891099,4.096839630275126,0.3063061867142183,0.13629688546065158
5569,7.355404716281295,1.0309825767242178,0.2293885443954399,0.04308947720046653
5570,7.342318325270033,1.6843729870607418,0.34203422203020256,0.052542080535564514
5571,6.907980303596189,1.1121396916382549,0.20505925663450447,0.04484477175386943
5572,4.566717019889528,0.4201933971564781,0.1801481893730976,0.03291247618834785
5573,6.898926012282531,2.0018007699145084,0.3176993866974032,0.07618291705392154
5574,5.074978259806525,1.55368732025752,0.26398075633419754,0.05058684509219212
5575,7.837896662923682,8.52005830894591,0.209561692955407,0.36378773629120914
5576,6.103158581970852,6.122890586923028,0.3571329248226678,0.22669856948081774
5577,5.670550448323328,1.2828272372424023,0.21490125486740014,0.048185381274926074
5578,6.938341200122557,7.053997872986171,0.3702634731231619,0.2841236316888068
5579,6.3881015297798465,1.0406334067837202,0.2688325270346388,0.04329544850428249
5580,6.547109001625286,0.578165284551876,0.27683385104459696,0.03677734213497838
5581,5.4914987436468,5.1523890879964425,0.37748726386354253,0.19050127950536097
5582,7.186241235956136,1.1201858871125172,0.3143615423541528,0.04502046081002779
5583,5.542032390328657,12.130007789247532,0.22956002326950825,0.6089095714104754
5584,6.2256610887850306,2.2798905385756894,0.31681404093971094,0.08121865372618914
5585,4.7462177991275665,2.687012883199323,0.21581959735429793,0.08690878066606098
5586,5.069736776771084,1.277411908103951,0.1377799723056767,0.04807443748678766
5587,6.667362762488843,13.635753185577073,0.21976773961488824,0.681203747806412
5588,3.875062186489826,4.94347601706822,0.19043698082566218,0.16717212165148432
5589,7.364815455230992,6.154394828656748,0.38429764018171503,0.22761217999824537
5590,5.8542840180703015,1.670646498380184,0.27330277847150564,0.05233557420825211
5591,5.357501846599705,3.0796844918829445,0.33464921294298755,0.0920975840195474
5592,5.710534477741073,1.9638911194485225,0.25671448816869474,0.07539069885550527
5593,6.874281075060896,7.818663337000673,0.3646922960707559,0.3298569330897631
5594,6.167503840142157,0.6950683680239997,0.21813497862959486,0.0388066575486554
5595,6.710532694372453,15.236682772103435,0.29336832862031414,0.7729546553277806
5596,5.84608804063245,1.4356561767270684,0.20720313867807777,0.048864394378642415
5597,6.024495700866046,1.9091525421455375,0.279739427626316,0.07422024396422877
5598,6.054014063665783,9.320541420541549,0.3160299875284029,0.39219757276780126
5599,4.473240210117361,1.0882249412016385,0.22260491926926548,0.04432346314787648
5600,5.220018733141614,0.5140069078231083,0.22459321577850766,0.035109453191627074
5601,5.12216367020829,1.4365793194542702,0.20697464192867057,0.048880260880891264
5602,4.8651352968586865,6.735871093215826,0.14585611568544668,0.27277687753854957
5603,5.6444468274358846,0.7311571298945903,0.2968053503852232,0.039434038269917086
5604,6.097488232987801,15.33935270091954,0.3206328316452488,0.7779931018671034
5605,5.9015764309285315,9.941675504492018,0.32602917561278316,0.4810201291112663
5606,5.432591783708929,15.380715695326916,0.27625692749827774,0.780019322746046
5607,7.252231815246461,1.7225720148854906,0.40592991416644286,0.053108901959342085
5608,5.644161564331607,3.2465213037498617,0.19436190358425692,0.09314850366761078
5609,5.603144269681997,3.5868340341497533,0.26479874335102394,0.12621207862203393
5610,4.88584975233037,1.6334424050334757,0.22436876653364277,0.0517682686883919
5611,6.799529102059435,14.870546270267832,0.2595891216013617,0.7548898941577685
5612,6.586433974867724,13.251025884049598,0.30879602136483814,0.6628461278378555
5613,4.703862316932878,8.247265797619491,0.1910334953089952,0.3527909476626467
5614,7.0012440281312065,10.25609580413119,0.28365723982620683,0.495354939564499
5615,6.603211982371854,5.511983073329035,0.3250051003627043,0.1997071474159773
5616,7.847788079888923,8.261772231911559,0.34228565930061244,0.35338280023357665
5617,4.938670346595584,17.70573625016315,0.24860854647887023,0.9479331605105181
5618,7.444707948581141,1.0627983332605768,0.42013073148130015,0.04377208593405944
5619,4.655502355489779,1.1835052131469201,0.1670297908297133,0.04640083676297698
5620,6.774731703604367,10.111175670109336,0.35077270188474824,0.4887798925610521
5621,3.3979842564829172,0.35864394037090797,0.0755164913543461,0.03188652151132785
5622,7.16305016885016,0.7093880723744402,0.39539959592642143,0.03913095305613752
5623,4.919815212446577,9.045371758408038,0.18611174788511317,0.38213491607448896
5624,6.311992762611328,1.5797971887134263,0.219228160420789,0.05093532471444197
5625,6.034203389949043,9.493756296033776,0.17908074284749262,0.44284633024291453
5626,5.886259545459862,2.889438205227575,0.2274771381378229,0.08960933593236056
5627,5.474196647569011,4.433071942388694,0.19762223974759338,0.1430746225523735
5628,6.252156648989186,12.04193463484423,0.3119555363596633,0.6046477872919847
5629,6.428729755595109,2.7940737680782948,0.338238972451006,0.08845161405270294
5630,5.089085136421622,5.034823975580062,0.12712211533030357,0.16910018893350234
5631,6.197945933180916,5.188914515884586,0.3913909273970363,0.1914880022013831
5632,4.85003895074317,4.073265631557873,0.18763608647491,0.13580361980286365
5633,5.455841356664116,1.4475330372906643,0.19684893027432263,0.04906800363258702
5634,7.00427571014902,17.996987950327053,0.3599771145265515,0.9626167558273183
5635,4.846361180966794,0.629839593458282,0.281153540999164,0.037899112635278946
5636,8.783398462729377,15.28731898889584,0.3495672298499974,0.7754411750155067
5637,4.7660506832399205,1.991701172524088,0.15299554169311128,0.07597332592689873
5638,4.864212505661823,0.8706623340674776,0.29813248085474375,0.041797736819537946
5639,5.69771748089692,2.36277257933375,0.24377433711332913,0.0826803434118526
5640,6.006133794857466,14.29405214359426,0.31180621639938216,0.726194248207198
5641,6.373520061360272,6.61824602674299,0.2452696553228123,0.27139329140141233
5642,3.2964552304587658,8.630959904197102,0.1122966854489527,0.36817019718867455
5643,6.237024485004338,1.0458716507617147,0.3219771666452497,0.04340766454761731
5644,4.639763336706754,8.588608560518207,0.11544465347757571,0.3665029658668892
5645,6.986244274443639,0.5693431036391016,0.36708511012751416,0.03655531471719231
5646,5.162561474346219,8.383100555741981,0.20981168647406426,0.35830319096266894
5647,5.320745299018469,14.625705564868818,0.2798879854604667,0.7427354478296243
5648,5.793084791413267,1.807313633913052,0.35588262104050894,0.05422647449703731
5649,5.362189620270392,8.91029754972597,0.33615469885832294,0.3770528468439598
5650,5.3513456367921775,0.33716335599313113,0.2652196250032246,0.030919505177421598
5651,5.686780829406337,8.545835701298564,0.2591711849024157,0.3648111799109973
5652,7.864199184741444,11.370952671995678,0.37523408607594194,0.572069360709769
5653,7.426289498636248,0.590300031052585,0.4128048375943711,0.037080778508631784
5654,8.299326372063849,5.249144719771803,0.3933384059951091,0.19310275138141994
5655,6.16569218669017,1.199132257523842,0.35605490714604415,0.04673951451668078
5656,5.531510435670403,7.651751766133027,0.22462305244864147,0.32306560880564505
5657,5.8243666926840945,1.9786821631295453,0.3308254996808549,0.07570158068218065
5658,5.501955736691731,3.6010138047489106,0.20497347506932326,0.12635617838712587
5659,5.3783385909953365,4.747780054335538,0.24843334091921998,0.16290478876734357
5660,5.701424122426301,1.6778924237587696,0.22418873771747064,0.05244477502062633
5661,6.75157191608973,9.318462713427687,0.3528186295886918,0.392123004406369
5662,5.604124205700321,0.3584619887342571,0.309681714495948,0.0318778681367807
5663,7.086230478090634,0.6335947641436879,0.2609891915912005,0.037989650571285796
5664,4.8465985268934455,1.7105898801703379,0.26163224917296396,0.05293226350420541
5665,5.5143645837137925,2.595153199005292,0.2537748091467536,0.08552389215775767
5666,5.397113587232797,5.408042716793874,0.24621990756367643,0.19728887622221034
5667,5.244954564795072,5.313393219055652,0.20708216242084196,0.1948082378686712
5668,5.905168661469042,1.9234595550469265,0.20716401318075375,0.07452920140110775
5669,6.131211580422806,11.427768852075292,0.3135847460337736,0.5748423230328293
5670,6.365713357544731,2.1731172684277045,0.3589474146036617,0.07928141409365204
5671,6.145069837870635,3.447617768774743,0.18028011679899256,0.0952680229319185
5672,6.152410890439718,1.1431217783603769,0.2735082652798925,0.04552135008338376
5673,6.806384231108058,1.2893923876282891,0.254888809794032,0.048319573445197814
5674,6.643312812760365,9.495621298115662,0.4409603037687862,0.4429293837349854
5675,6.146871665376827,1.9675907309866423,0.3221774167941456,0.07546867283287634
5676,4.871063617906834,1.1453915386350588,0.27523264443661644,0.04557089372625311
5677,5.469630166330304,6.121637175694874,0.16620039586121696,0.22666221077057488
5678,6.647189974488071,1.2872252665333794,0.2492007528645694,0.04827531580528202
5679,5.059261863911981,5.716159797204054,0.3145620571735008,0.20484683062204645
5680,6.888460862386898,7.4934037665324835,0.2678558527085329,0.30062551063751136
5681,4.15103269649442,5.393725551951835,0.23952895245636313,0.19691606408081974
5682,6.592285523327004,4.552175228922965,0.2939477342117322,0.15846412854822714
5683,6.511409745251218,21.135957662064477,0.29915590379563745,1.2049962791304458
5684,5.946502310602981,1.0771091074661006,0.26261419678891024,0.0440819372093494
5685,4.452782336962464,1.1158647746873451,0.16334626780326245,0.044926099449531534
5686,5.778038704055163,11.616734171273212,0.19139147143521473,0.5840487445054352
5687,6.100939157207874,0.43298072733975507,0.24023436097329537,0.033333209313499215
5688,5.054343256658332,0.4687267803274367,0.17321945633446134,0.034478935874454636
5689,6.4586308262182,3.552386627265894,0.32549106474067674,0.12544733578135311
5690,5.13891899701565,2.3441690040533887,0.22387041330782945,0.08235760429323638
5691,6.257037257980916,1.0285725141785549,0.25927461461753937,0.0430382041944879
5692,6.793858031970479,4.48339617176113,0.3082869227119596,0.15686469817846413
5693,3.951782188830586,8.37226874268027,0.11354117839053085,0.35786615763994806
5694,5.579486565905799,2.0491855133950083,0.21652397743376073,0.07715213061103965
5695,7.180114954257589,9.601059044402614,0.3473817391988612,0.44526042715958497
5696,4.176278748611232,4.933392603368096,0.10990674992071618,0.16695676599440798
5697,4.426634564706327,8.475688280123677,0.22649473601376893,0.3620194376839273
5698,8.4272444094291,1.4688903286259005,0.579981860969854,0.049370554653311916
5699,3.8870439588318244,3.7242958599461806,0.14995278713801605,0.12848439825086375
5700,5.070220042580148,1.852147126529445,0.2280389001881478,0.07296787111238956
5701,4.675639137410869,0.46886808334540564,0.26528108485571344,0.03448333773443653
5702,5.004124799609517,1.1252715035912422,0.305205649695641,0.04513153402988063
5703,6.024262375108042,1.481223997653271,0.2323695836863653,0.04957675890922486
5704,5.231585463009953,1.2614568669955344,0.2232878652824909,0.047746248996662785
5705,4.919985644729581,3.2579468332671184,0.20438970384744076,0.09328586951066876
5706,7.575328981630995,5.371390661707416,0.42740192756953505,0.19633275567077416
5707,7.1653733867497715,14.421054421155544,0.2917779547520118,0.7325378182193891
5708,6.274877820052104,0.6995785366532888,0.22968304798693812,0.038908732929208156
5709,4.400909978753614,1.5086304674867956,0.23667721846463122,0.05003058307120277
5710,7.3187977111624,2.9419554139786857,0.3448098932135241,0.09031342612407534
5711,5.625304820562287,4.940109075465184,0.3110907506823432,0.16710026807237965
5712,6.422049890318111,14.224141384390398,0.316611947772104,0.7226979038777154
5713,8.011834462384481,16.029040816826498,0.36579709402646793,0.8165685317907321
5714,6.734187915136536,0.5942671737285011,0.2463078796004365,0.037179574950403485
5715,5.449091533295581,8.086177210939619,0.24722962658204692,0.3461727142126726
5716,7.34280920751091,3.454288068844671,0.3746470321936665,0.09534177611473173
5717,5.4643140549699,0.5396433740630141,0.23735781821015556,0.035792166448674695
5718,5.247315527790158,14.43100341860979,0.2787191987497472,0.733034291952651
5719,7.06015063374458,4.754282246513796,0.28934457010474873,0.16304948731656885
5720,6.09685913351828,17.357252424031806,0.2461236576107305,0.9302714029177326
5721,4.429299632931714,2.9661718624717444,0.11336968266996167,0.09063337830701558
5722,5.422453801347641,0.5495781221259998,0.2825726682735063,0.03605042798416419
5723,5.012136718001129,0.5534936423812344,0.137487880517913,0.036151347475504365
5724,7.373852085779359,9.293595350308905,0.4337880453079291,0.39122926994789015
5725,5.33322596798963,8.254529902840726,0.2859697083405603,0.3530874090954072
5726,6.211317805276587,1.8090958709816543,0.28423926856123444,0.05425134033306366
5727,5.161059361481041,0.5782507297195979,0.2530648677570972,0.03677948363053123
5728,5.234282517562009,0.8342773947575293,0.36268899009514605,0.04097729009131469
5729,5.622537129365468,0.45636317652713054,0.25417496683301977,0.03408979262489894
5730,6.383500818541278,0.5606501121174384,0.23260836792086362,0.036334615986842164
5731,5.376520203628693,1.2025292416460158,0.29542787143396354,0.04681294940613229
5732,6.8258254520530715,4.911516154146269,0.23289932984764283,0.1664878261425967
5733,7.140247357460885,12.09117603340461,0.4661075387670364,0.6070310095093577
5734,6.360638269415003,0.5333361944510787,0.24538341798673025,0.03562646744426694
5735,6.374496450894511,6.457543749537334,0.3799666567309315,0.2653994223479286
5736,6.355968562797282,5.231762476530775,0.34686534927733725,0.19263832160940886
5737,5.234119985540217,3.7866282146823473,0.28714015405104704,0.12983764694506192
5738,5.477251939559498,0.8925217390763217,0.31961973159014206,0.04230858539268573
5739,5.84259815903316,3.014005274884404,0.25488082420904695,0.09125743754990753
5740,4.491846348687479,0.5531134563754414,0.28155246309687715,0.03614156907549474
5741,5.601764573024992,1.9332311341390997,0.3060466700864522,0.07473898145321914
5742,5.459656022522948,18.080605581140823,0.3057573750889939,0.9668204790729675
5743,7.240714197235218,1.4567269443501687,0.4639254781202497,0.049224838443035476
5744,5.696102840036102,4.694521467132321,0.27528356375025326,0.16171231963663335
5745,4.741825963971488,2.839230874222799,0.22057938494670745,0.0889224635251805
5746,5.520518238192909,5.647294628248463,0.21692378457665804,0.20313146197636245
5747,5.753483626548844,1.4216544596787277,0.27613594504125055,0.04862289696960885
5748,5.456384056863674,3.136563176903746,0.19366480886504972,0.09228572166966202
5749,6.159222756737841,1.4166383984941415,0.32282584941517734,0.04853599615513975
5750,4.560155667071331,2.608806318520658,0.29896756268914304,0.08573350427795937
5751,7.082824744575859,0.5746732110005306,0.35243126953839526,0.036689678466115414
5752,6.662257812101671,0.6776078125172715,0.31014489070375423,0.038411571673688416
5753,5.402740533687629,1.9390286102371663,0.244639132697405,0.07486297014108666
5754,4.976512205828686,0.41321768420172955,0.30211891704830995,0.03268093917430415
5755,5.211174935007167,1.1042287425073414,0.1106466294460905,0.04467213966221461
5756,4.04960938465507,17.968899051875248,0.1629044814560749,0.9612034834778221
5757,6.658382572579477,10.109774017034109,0.3039417065337016,0.4887160412866914
5758,6.301789711209,9.951617820336942,0.2546005774452166,0.4814774955419716
5759,4.251189266121327,0.6165674632663481,0.16801440149923316,0.03757981682868446
5760,6.277562108702623,14.753127272582855,0.35002709674973265,0.749067669822839
5761,6.3902010495190416,9.530779834497611,0.20687737385308583,0.44449282304175747
5762,6.144650387998671,1.2896421076770994,0.2654899764526092,0.04832467081073262
5763,6.023187989250103,1.831234003663386,0.17920834611249845,0.05455820448945434
5764,5.969666887827713,5.437403911995131,0.25341196418290673,0.19805074719852464
5765,4.243820628813869,2.4066518461196873,0.20183011848810942,0.08342963443718909
5766,5.732987686804524,1.0148783241714074,0.3561797490804315,0.04274817459218297
5767,7.928953416113935,6.134893564173066,0.291612497978067,0.22704670805082033
5768,5.5096243154977165,1.0328566715907779,0.18775948036606224,0.04312939367942144
5769,5.120788168279611,2.169053956906404,0.20760456804706226,0.07920386494313797
5770,4.828896429859927,14.137927148480033,0.24053857740992687,0.7183822492088412
5771,5.960544043219417,14.583608912807298,0.26183390762845665,0.7406404528568563
5772,6.326471015527178,0.5120615614460964,0.33836156455045074,0.03505660463538381
5773,6.595604663898281,4.6061616002155175,0.2900490496200922,0.15970617396393602
5774,6.131084104040732,2.0013492575939558,0.3978180287429463,0.07617356976042769
5775,6.905375722838243,0.5495993095584621,0.26963790304557256,0.03605097535290218
5776,5.936348321568603,4.922383591963594,0.29348200464441687,0.16672107179991594
5777,5.256300790668498,4.551015799839463,0.1849698313296708,0.15843732291040138
5778,5.481202991392412,0.44056594889719336,0.2147333947341293,0.03358141197592708
5779,5.194997524912389,8.2170679691716,0.277170440696957,0.3515565945012314
5780,5.962186264024004,3.1361638573034036,0.3230870207620708,0.09228075758033713
5781,6.121783957362043,20.96314207906608,0.32088164732160057,1.1953318375774344
5782,6.16455041724982,1.2753120666168223,0.29838503264536126,0.04803135690169121
5783,5.899197514229438,4.263634447279046,0.18833362672155765,0.13965816942765
5784,6.421467199752364,10.640303854460818,0.37055808453358813,0.5122155316210193
5785,6.581118201777326,2.1914760351149694,0.2994683397495122,0.07962978192350664
5786,5.059547180813512,1.0892182761642428,0.11442192526094402,0.04434507634473207
5787,4.814176666028214,7.588715301425787,0.19964202878021295,0.3042055456700336
5788,4.31765200784348,12.756786681535473,0.1533625697566893,0.6391349569906791
5789,7.012586192448283,7.275715539265394,0.3613079731895487,0.29244180869599873
5790,5.646243230981736,10.563192377729752,0.2557848042943441,0.5087896391320893
5791,6.752523316823527,4.091749734276823,0.26650463576401767,0.13619050100776053
5792,4.817406960252012,4.106541149924808,0.21555524310860022,0.13649947740951812
5793,7.506766237355401,3.328364273773989,0.2937430592959327,0.09388816453226541
5794,7.61940086158552,15.007388100624091,0.34182431317441075,0.7616582596004754
5795,3.5183738087095375,0.8445420814445467,0.12497209965174319,0.04120256577733167
5796,4.780746942680575,1.0469809941506427,0.16290667895354732,0.04343146562612431
5797,5.035652415086919,2.890961824833279,0.10854892097027219,0.08962997152172952
5798,5.763926627907568,2.7141706207730922,0.2278058541268408,0.0873071359147985
5799,5.55223752628223,20.12228450648071,0.28577196095730545,1.1480840482184527
5800,5.76589224038934,3.7448386524201136,0.38538653075888113,0.12893126172853886
5801,6.1329675846556055,7.2301563451652475,0.2888532419292333,0.29073017231942794
5802,7.043993133706063,11.56715578523518,0.39592950256993303,0.5816355949886317
5803,6.857971326274624,0.5124597102742975,0.3122792636835274,0.035067433604329214
5804,5.504809341503198,3.8931198650962138,0.22552350116996148,0.13213098924349895
5805,4.504583841305619,7.017265273813844,0.20519439326223696,0.2827491447167884
5806,4.614902496104459,1.046555973773354,0.1335223365395997,0.04342234530023218
5807,7.031377277427795,5.415381725812343,0.263090812413561,0.19747964779729138
5808,5.670877849173327,15.885790683133465,0.20815775497354863,0.8041363029953593
5809,5.848248637598056,5.037934973929995,0.23954521577944174,0.16916512343405438
5810,6.974836292072362,7.030064094351174,0.3205620692185422,0.2832279178826646
5811,5.497693467666192,4.030470298479746,0.26859857195310755,0.13498815031801412
5812,5.737223026107556,1.0436316747719547,0.31729087456157873,0.0433596438711133
5813,4.334389103163605,1.2165162548955308,0.22649449585730982,0.047114530913656916
5814,5.178730793147576,0.6218227236731039,0.2360666787630959,0.03770543128814251
5815,6.647076814243435,13.208464083369108,0.27356477662057505,0.6608093315499896
5816,5.042585829409167,1.835434526461829,0.23589762988631077,0.072594168113598
5817,5.779401985545206,0.748742513723801,0.30189769132857464,0.03982501692562022
5818,4.417151663137246,0.724639449698098,0.22795085236536014,0.03928971880297538
5819,3.8217452097999502,0.6029294093066374,0.14232289099582693,0.037394386705955664
5820,6.178287455705812,4.490296307141229,0.2637610255634994,0.15702604290583122
5821,4.988058492508446,0.43646668258788995,0.27277096795692307,0.03344758238361786
5822,4.798901769173352,2.838248662988757,0.21673298520678866,0.08890889180185682
5823,7.334654512621385,5.7263531226012665,0.3306820838276619,0.205099218565199
5824,4.672320475357246,1.4929656698918654,0.16780702928076244,0.04977192838497785
5825,4.5136626874711085,5.489215467355492,0.1878742667803732,0.1993864401211291
5826,4.452232508195485,10.04306803021949,0.20573163569490618,0.4856713214385853
5827,6.084428430318842,2.645302214951116,0.22771113012164987,0.08628726339968848
5828,5.456188356167561,3.7614314072146544,0.2692305328963645,0.12929157378196682
5829,4.923132213359134,1.687812862613868,0.2730057624009888,0.05259359200834278
5830,6.593679193663094,7.7540663044730715,0.3406489288592654,0.327233930622484
5831,5.883915363293551,5.044581971367256,0.24059789977440174,0.16930370202809833
5832,5.875878655494567,1.6682894406988478,0.2191299918452015,0.05229995987597169
5833,7.459912539643654,8.341624704645767,0.35818273316012456,0.3566273172029328
5834,5.4794753888292975,1.1084369263755134,0.3135056653592195,0.044763953956385716
5835,5.563020041553344,3.6560084002707334,0.21403964317018093,0.12756745245008863
5836,5.091810819243463,4.280188365748321,0.21495406578245085,0.13999579483234456
5837,6.211020324281746,4.566367240475611,0.2396279049702243,0.1587918015280286
5838,3.484890446935784,1.086407608546246,0.13905120773571103,0.044283932957400546
5839,4.439284940231385,2.2206351277318297,0.13118492689942066,0.08017647634793751
5840,6.232656728859832,14.221563901991024,0.3562460738697587,0.7225689437527658
5841,7.392751951915899,1.7069171648188846,0.377651405510993,0.05287793637837563
5842,5.684733612740907,2.4393782716482764,0.22927372715636501,0.0839779813927041
5843,6.775704007798623,2.391184642388588,0.3045993248135149,0.08316740660359151
5844,5.822779021744631,2.0564374529944804,0.2818030659717605,0.07729841708489994
5845,5.913038430463682,0.8706674005143608,0.3715923824220275,0.04179785411040894
5846,5.2844191537739365,3.833997602354248,0.17050321314564912,0.13086070701063965
5847,6.482410894976941,0.4451425267462908,0.3483599036595007,0.03372992801976804
5848,6.061143412343732,5.920092943399489,0.28666834260065266,0.22103792285625848
5849,5.421781847196953,1.9782319148495353,0.29180496601123646,0.07569215100790527
5850,5.495818076251882,15.451202619604006,0.18586467365823497,0.7834675747220764
5851,5.921769579377037,2.438404060760695,0.2956143011290869,0.0839617831755258
5852,4.294351593104129,1.8173527455514744,0.18491564940910357,0.05436622532333003
5853,5.920060208239428,10.355392445542286,0.13447708169938635,0.4998310111870394
5854,4.263706420867294,1.4481257020447273,0.17431525981336024,0.04907813414123377
5855,5.659280490427242,16.888636844693103,0.27330684621533047,0.8698921722989073
5856,5.260229081868598,0.458057212019966,0.20052326873891077,0.03414357665756394
5857,5.610098837835193,1.8098394326894645,0.26050354503602297,0.05426170737972974
5858,6.161626486032644,8.574661549811848,0.2628982390891429,0.3659522140197892
5859,5.12852301640854,0.34093505672082025,0.21221384158652265,0.031081459867522296
5860,6.500284021733296,3.220987321699119,0.3488051612228951,0.09283976909688227
5861,5.453283479210357,15.233163563649693,0.23672514985307527,0.7727817296092917
5862,5.7205219133878815,5.316729290199405,0.24925878909919272,0.19489631564609242
5863,4.329740862981297,3.379344949361353,0.13179187969912962,0.09448336323454683
5864,7.0366165742507345,6.742426756483412,0.3665497102047684,0.27302058457054784
5865,5.2693321960736395,2.0646116500280876,0.2355854968770603,0.07746266000998764
5866,7.526164301043127,2.9210522591340964,0.27599921314115616,0.0900349348150977
5867,5.213400190596325,3.885261240260118,0.2019814576471564,0.13196257130138278
5868,5.922630768095127,1.0664319233966508,0.29077430931154186,0.04385062515421513
5869,4.965905694844687,1.2179822683062367,0.21444538664351687,0.047146065651243116
5870,6.872847213784319,17.57454227691781,0.3414936156178841,0.9412965473769656
5871,4.843947011025606,0.47516842335298987,0.21678327062002917,0.03467855653431624
5872,5.5860981348034064,1.2639922188739476,0.3135148326315993,0.04779853107900769
5873,6.375618915011535,8.805981839040324,0.2165003399349463,0.3749713047034369
5874,5.4149625497657885,2.2516608570602417,0.24276305374326976,0.0807065066200294
5875,6.0911437574225165,19.30299708987992,0.29949825200692054,1.0867114174748376
5876,6.311964736468867,0.4566069186053648,0.33596581783656837,0.034097540198274004
5877,5.32985319839928,2.746996120370484,0.2132950872134413,0.08778218750441324
5878,8.078750586318456,0.5241271335190042,0.4574665648792073,0.03538193836747262
5879,5.85550574770483,4.950436239308918,0.22290239335128384,0.1673204821989929
5880,7.753383995341564,0.8275845955600706,0.26567886073610175,0.040831759956497744
5881,5.786002546716744,5.684292041101686,0.1999856551635044,0.2040552713107329
5882,5.513532048249986,7.365348804054027,0.2105418157940063,0.29581120245118536
5883,4.206839941023564,2.716251484391583,0.16144056032219473,0.08733745752281734
5884,7.164115479145247,3.0137248300029262,0.31431041345903143,0.09125381077351324
5885,6.319795818013465,9.856744789354245,0.21843550027368216,0.4771013584275943
5886,4.835698827415222,1.1300489435791494,0.20033887680819965,0.04523588150264072
5887,6.943109004521883,17.347580576392087,0.25386577292287255,0.9297796517973898
5888,7.733075278157667,5.020613571337906,0.272205692325622,0.16880296963978883
5889,6.7162223573725575,13.689106944885149,0.27526793838250757,0.6837409958975683
5890,4.899096515081225,16.960311094278236,0.1597430601578481,0.8734276897438534
5891,5.313788929674964,5.311161108298571,0.28596493244613347,0.19474928010516315
5892,5.759343616615768,3.722520642708306,0.19524070405135396,0.12844574205095807
5893,8.212452991016708,0.6975498414807927,0.36831927444931517,0.0388628138411919
5894,4.177835853294166,1.0941250103182556,0.15200628070086816,0.044451899913095075
5895,5.129183360068898,17.12422584827624,0.18914145425180182,0.9183982407798676
5896,5.26243870317792,0.5963588547457749,0.2406642316701443,0.037231555559027615
5897,5.305813964039996,3.6086567794640674,0.24279141462646933,0.126524889671183
5898,4.766980538508089,8.595998740053203,0.25004354763756614,0.3667944663837451
5899,6.868690202043916,3.909297933802451,0.3328446041829346,0.13247727980422772
5900,5.920173250150422,0.4193739648064149,0.35106682626526503,0.03288534850186922
5901,5.402058480918151,6.355727247071622,0.2873887515813387,0.262844302580828
5902,6.375931584775835,0.8907316532633539,0.3294092280688891,0.04226638973974746
5903,5.72904318386001,3.8923506725224946,0.3777036526282993,0.13211451058656043
5904,4.667236255143306,1.284374901285625,0.1985493263693066,0.04821704642444154
5905,5.136649314798858,2.448245056495323,0.22783273705905735,0.08412504798355411
5906,4.688648078465209,18.796308114105777,0.0967067616344163,1.0589499021989424
5907,4.4465416890820935,0.3305433671066855,0.2565966814162059,0.030642843048891765
5908,5.338604913767528,1.0880444838503096,0.2582330616439324,0.04431953719682247
5909,6.901086188084428,0.6162476099657935,0.27783594645644594,0.03757219784859804
5910,6.180873206524478,16.466009113034364,0.34447345982848715,0.8378201321204016
5911,6.585464894930254,5.0066311924090146,0.3084788117352882,0.16850954043869223
5912,4.068073729866719,4.968829122202874,0.20088436447280153,0.16771138602079538
5913,6.61288677179314,0.8812994652757069,0.2753016192408975,0.0420451223984892
5914,7.321857331299117,0.6614215536160889,0.4179979439596844,0.03804462144222676
5915,6.528069070699316,3.3811633269785086,0.2716295340467459,0.09450444124581293
5916,5.514514415054648,15.514616839347894,0.21777123844330643,0.786564428979524
5917,5.39708161915415,13.069947890806903,0.23164650014560398,0.6541735013848151
5918,5.380321705452835,0.8654517417353551,0.2181452422621495,0.04167737788338895
5919,5.371192567290261,1.4741960659071631,0.2574012187802811,0.04945941039596122
5920,4.783711573598722,1.8217751419851493,0.2786095995359961,0.0544275453373931
5921,5.796792908179582,6.446638368318847,0.24906478985319366,0.2649937909419147
5922,5.05547977047815,10.426135820901399,0.154399943130805,0.5030064152313469
5923,7.29588914511828,3.2238986799205502,0.2751563453561365,0.09287509458129155
5924,5.016147694726141,1.6714221992126062,0.2054341682468703,0.052347284905241556
5925,6.420086223865559,2.8610711792404295,0.16485956641323252,0.08922280951573547
5926,4.98236606390889,3.0592993769241956,0.210130494565388,0.09183871613207492
5927,6.484441745469196,0.6913885561711354,0.2698285323560637,0.038723398219311735
5928,6.267611666039432,0.3270047372195043,0.38779964452714716,0.030500693662093677
5929,4.0959732492609975,2.0445916473042076,0.22099872368123955,0.07705918301183817
5930,7.824907291347294,17.311291458208473,0.365478396020758,0.927933798259361
5931,3.9511929946588147,3.459988931015356,0.2199055858332063,0.09540655109137472
5932,4.200184173246191,1.0753568382097218,0.15383130760051344,0.04404392587413973
5933,4.079414448302403,0.3503370176316182,0.14894831898554606,0.03149955246482772
5934,5.426349533771379,9.325311574535903,0.19442541195856725,0.39236860830329273
5935,4.439014458531492,0.4388539904539081,0.2317676345711959,0.03352561128493272
5936,5.228447232816765,5.079153446908236,0.23579012144825495,0.16970416076032102
5937,7.216002967865948,16.465686574413787,0.3377455705641667,0.8378045414516669
5938,4.594751955582795,18.129015020870398,0.16413697313047917,0.9692518639629893
5939,7.007665123227543,2.621949192734237,0.34637037820282873,0.08593401389871713
5940,6.732268609690961,1.2683999531984422,0.28471683403087034,0.04788930645486009
5941,4.065500067614194,1.1576713294674925,0.2672720008901076,0.045838757186551
5942,6.798811544642607,7.023187505367075,0.2798108283991618,0.2829706618985048
5943,4.838901445616792,1.945445000120776,0.17351382781596209,0.07499978415346936
5944,6.1297458536087115,0.7081761173826451,0.22769823102675546,0.03910347723059556
5945,4.779733699739036,7.6163791225521456,0.20960558488251504,0.30524361308390885
5946,4.326854405381011,1.1001902136375805,0.22853433702623552,0.044584069758164174
5947,4.892753390687085,6.549592237780948,0.22375895074669003,0.2688287947827172
5948,5.143400922140279,6.49052508110078,0.27573252723099584,0.26662701999688593
5949,5.163652991393734,2.0750713988633684,0.24709186789144916,0.07767259988851784
5950,4.9729947563302925,13.6345175407634,0.2357568862502424,0.6811449594089245
5951,5.73229879406491,1.2428721223771335,0.19473325099807673,0.0476792206899203
5952,5.228762296355038,8.506304647733831,0.26203292247913684,0.3632405000197345
5953,5.187720150979722,0.43690718559918174,0.25254642791793164,0.03346199874995038
5954,7.444617716551424,0.47029781044805447,0.31737496504561846,0.03452781833704276
5955,5.22240996829399,10.078018967679286,0.2641743947173204,0.487268088299471
5956,5.191594624110414,4.01665563202156,0.2452073190015567,0.13469644816152493
5957,6.444809288495008,1.1770668803775375,0.3953690410017073,0.04626097950386697
5958,3.476776901157964,3.519733089130278,0.13583284647826688,0.12499858653218593
5959,6.008175160682499,3.0330136318843928,0.23277275558754099,0.09150240148183397
5960,5.767334085734563,0.28748747343386966,0.2840943420254107,0.029164510658962327
5961,6.5254665474081435,7.8872587923367155,0.27837750888832363,0.33263324875186145
5962,4.888418786003408,1.0469716721080449,0.1994788047058765,0.043431265568992725
5963,6.945806615307759,13.379124239687616,0.2654716578427953,0.6689696180162734
5964,4.084399687519727,3.5662912297387153,0.17782079935050538,0.1257563203394475
5965,5.669346238479971,5.703992428781645,0.3065854608410142,0.20454505742539753
5966,4.878168946521701,0.7900300170175986,0.19500037516597846,0.04046782603845904
5967,5.284200770627219,0.4664505456195588,0.2204408644126031,0.0344078843047645
5968,5.438666999944869,2.4401801265546914,0.16254073402713431,0.08399130793193009
5969,5.2595243600173,6.1075384746307035,0.2526190126360967,0.2262531788482041
5970,4.981809595426829,1.0910114944517841,0.2925950271052385,0.04438410456542291
5971,4.595137437351698,2.000578137782799,0.1678235539880066,0.07615760098607537
5972,4.049829069353436,2.113063192895735,0.2624394292464853,0.07811975906513136
5973,6.96423873528289,7.542863311387129,0.3329589239868194,0.3024838633413305
5974,6.2321793101901095,1.9565712495834138,0.2352746857722857,0.07523600108770787
5975,6.665775514137414,1.8035743169113725,0.2853285460660798,0.05417422467159995
5976,5.211933788792304,2.214486440618442,0.18454331279242112,0.0800618036072934
5977,5.208249988328741,7.6604163204930265,0.3460261116967896,0.32341915920853276
5978,5.038857741507785,6.061444949200009,0.17176228418050696,0.22491505850759436
5979,8.769954320773111,0.8458374088470085,0.4039247662210346,0.041231581536873174
5980,8.10396266987562,14.714450423673373,0.45648902649213113,0.7471471122150858
5981,5.926181664112571,2.1903844301818043,0.25306845601813455,0.07960915999184948
5982,6.037104084937163,12.282339620225967,0.370495999080329,0.6162719456669008
5983,6.277574770285578,6.120448493571375,0.31288847347507365,0.22662772893103564
5984,5.818321714407101,2.532339697162302,0.15481580176541204,0.08454227024062805
5985,6.209743940239355,2.3767825409219023,0.31840709476852,0.08292138896104405
5986,5.101663485743285,5.001646068380377,0.2072086678498806,0.16840468971612657
5987,7.693029551772082,15.45996550856291,0.35607478943187415,0.7838958236987912
5988,5.84985835644641,15.899144680144879,0.22659182668577701,0.8102011237748468
5989,4.964872141429825,10.840345664872313,0.19939897694551006,0.5387327239935832
5990,5.365493802631584,4.05836887736598,0.21030539812124346,0.13557584700289319
5991,5.754298639867187,6.909325685342419,0.21219506861647244,0.27871793827004393
5992,6.067165070531892,1.7775047593582105,0.295051442234447,0.053905224505438054
5993,4.694712201361318,0.6161130571323153,0.16515605260789226,0.03756899239613559
5994,5.454596897809027,2.2626458776235494,0.21919135770290368,0.08090667854166023
5995,6.16639060703423,0.6613586414882593,0.3048710775176335,0.03804319252378849
5996,5.8411259895757235,15.992232380633085,0.2522233984832547,0.8147664940559372
5997,5.61043521009561,0.44489250189872315,0.33742606341850806,0.03372183956781804
5998,5.286150790647471,1.0421512005507338,0.15124148175899246,0.043327933907094635
5999,6.477615534281283,2.2684148262593435,0.25206564029106715,0.08101135187356817
6000,4.5325112352178705,4.3872090648268784,0.2829746157136218,0.14215870871016398
6001,5.5061535909198325,6.639178973980601,0.24898060833700647,0.27217638843992636
6002,5.672680697534558,12.010855575678924,0.33553760456066445,0.6031429702809361
6003,6.0648089467688076,10.66060998212616,0.3236834651430241,0.5131157216459288
6004,6.8521624422477005,18.959448202330837,0.3366505410550164,1.067981157380005
6005,6.579792571768562,20.351590318063252,0.36400745851219085,1.161004355697927
6006,5.230295351481961,10.565555805871593,0.18389561528658663,0.5088948188062501
6007,6.461724823720881,3.834276816960855,0.31968417519131176,0.13086672350532305
6008,5.112987937313198,1.6878283800433054,0.24194660547145191,0.052593824161947064
6009,5.1828413865371035,3.573785301423388,0.24228507529749232,0.12592268404999532
6010,4.483389364819877,11.088954034926587,0.21953324953782502,0.558269254269794
6011,6.220256981161218,3.3674199858175533,0.2559871341261037,0.09434487960019494
6012,5.021443048392608,1.1834899008922968,0.285220256019774,0.04640050434049417
6013,7.1337947909425,2.0903213784431904,0.3115898021777594,0.07797679497540527
6014,6.202047997733904,4.7588464281408145,0.20575835448838756,0.1631509412118953
6015,5.826963699505765,1.0098130610050524,0.22506619030433256,0.04264148145581631
6016,7.282633340952564,10.817707335984032,0.24355973203432693,0.5200531235643854
6017,6.816163018095494,6.8633856544829355,0.30249075021883715,0.27752653958394463
6018,5.734130200046535,2.266917364357272,0.3235147802915394,0.0809842112231779
6019,6.010623229854212,3.4301387588143624,0.18503685688929014,0.09506842127653123
6020,5.115714261925147,0.3614142598090858,0.2789459609294286,0.03201924490889187
6021,6.359738466751369,1.2623649316653194,0.21086614776549575,0.04776498007637578
6022,4.4968657276894035,0.8365900099807203,0.2045843297636384,0.041027739020870514
6023,5.837195809967306,7.340970544531872,0.23011081100708872,0.2948946381769092
6024,4.898668777438682,9.91030175100358,0.2198614888433642,0.479574997234307
6025,5.625585689010191,1.5360666092305628,0.26567283291524885,0.050388680008767034
6026,5.621548594833839,7.247671734820744,0.36340752262681913,0.2913881112420133
6027,4.963973354565735,0.5302023370614188,0.3127832951898552,0.03554360731786095
6028,4.965843156775429,9.2657422500079,0.17426432778632117,0.3902245256703411
6029,6.744421511423459,13.734674974440614,0.35345194876873454,0.685906139730261
6030,7.692073315994377,2.562020047173743,0.4490261743396959,0.08500953130266711
6031,4.332310060491753,1.2045541025749966,0.1866042631823858,0.04685668727656442
6032,6.469204354206018,11.990100982698381,0.30158217959609684,0.6021377779563466
6033,5.601455782443217,8.824381018247001,0.16480553790688038,0.37567729213855267
6034,4.712865102591029,10.173816660941494,0.16169609933286275,0.4916283222640789
6035,5.530432054921945,7.596138607378277,0.21987829608990053,0.30448415510497256
6036,5.884342346338642,0.33610694443322264,0.29398254264017987,0.030874716214518347
6037,5.359611590116569,8.10348331235867,0.2902984499651863,0.34688751455941164
6038,4.011671510640104,4.042218053067345,0.25585973651191657,0.13523585108796518
6039,4.079908917054377,5.547311896311731,0.15945415803044563,0.2006082561044136
6040,6.965479310786628,8.270017748696965,0.3652025695926355,0.35371888570233645
6041,5.3742434781103166,0.6266243780899295,0.14050792879839621,0.03782150512461387
6042,6.712326155354786,12.603492127104888,0.27876215891893846,0.6317589035819248
6043,5.979103361160193,8.256576162583581,0.29260925137659255,0.3531708878356032
6044,5.408557524422557,11.951257588812267,0.24955229529484566,0.6002559014581764
6045,4.650657403661046,14.258994024479339,0.17744049806509116,0.7244413102384272
6046,4.391653945316878,9.866838142614174,0.1941121788101178,0.4775681970859127
6047,5.800403659527887,17.06192240936479,0.1897859033837581,0.915214514540918
6048,5.05755181509334,1.8620370386387775,0.15746533137980337,0.07318759906320137
6049,6.2606600292882035,14.089311307856347,0.27340296006495995,0.7159468721117268
6050,5.084112028973196,3.0212645191700145,0.2674837542365719,0.09135118724057456
6051,7.6107934202455425,5.825626148568392,0.30065671579848297,0.2161345040990422
6052,6.957453185187726,10.624387047225852,0.487171165853232,0.5115093557144518
6053,7.263668327627816,4.635868581140653,0.38885334821763373,0.16038442370075268
6054,3.914353690659742,0.7006303124018634,0.11317705181448288,0.038932543645954096
6055,5.326793406005609,12.388657711451053,0.17043302324743168,0.6214040524920753
6056,5.833651530409311,3.2794499119752953,0.14436659179706507,0.09354248539541232
6057,5.984443117290094,7.258907488294818,0.14328674184667464,0.2918102371794361
6058,7.311935197962041,1.1471257676848725,0.3081222503193582,0.04560874209972902
6059,6.261596234587801,11.331181009385672,0.27775954947568743,0.5701268549279689
6060,6.4355688945025475,0.4290344365153863,0.3455813211649371,0.0332037496314426
6061,6.291780877451951,9.236029401973505,0.3253565051490892,0.38914835251566304
6062,6.100197759992693,11.584365092991229,0.27133448587848774,0.582473411902347
6063,4.884593085992235,2.7000387681896636,0.32497975322649086,0.08710045801323552
6064,6.801340257039954,9.37478906956616,0.29998104466121805,0.39413597357829455
6065,5.638319740002369,0.3362686085572201,0.2005195644694246,0.030881554304009563
6066,7.021473664662528,11.51794602612733,0.3500635284115353,0.5792387865505554
6067,5.328839324991902,0.8745878867009126,0.25060311816115377,0.04188876869660113
6068,4.140836294004621,3.5590008852806445,0.14177373749283875,0.12559436665358256
6069,7.31939918793734,1.196027602619385,0.2947924217083642,0.04667233572735355
6070,4.998387187771243,13.868758415194424,0.29085905167032994,0.6902392310580202
6071,5.181558809511593,0.3449749739922238,0.28118656871056236,0.03125855621342397
6072,5.801993446492447,1.924260145173776,0.2581500884244636,0.0745464264880145
6073,5.920731713109713,3.7231628319785313,0.2797684069454272,0.12845972676612802
6074,5.67117724929134,1.1379265215778707,0.19730328571527056,0.04540792201376602
6075,4.9401935377476205,1.049385404574475,0.20107886669947816,0.04348309479849663
6076,4.788635388213861,1.0193501167716905,0.1622696218546428,0.04284263297950977
6077,5.644197760149839,1.722116591277881,0.279786941516356,0.053102199701632914
6078,5.987552919643659,14.606903611630202,0.3378141256386367,0.7417999218932457
6079,4.710990646695351,6.053395653079293,0.18348275760299923,0.22468123302764417
6080,5.887675353718183,1.1381651410955729,0.19268800826383387,0.04541313250952266
6081,5.5498002706993175,5.253929449587319,0.17980189105404296,0.1932303673933185
6082,5.981460684314713,5.936108876118934,0.29389379249620434,0.22150538981488152
6083,4.641188744771221,1.5714129551299751,0.2326702399327317,0.050803613556437276
6084,4.727557008894804,10.770314904311649,0.18151589408077057,0.5179652195760257
6085,6.762411795363453,2.8483730587187246,0.21525205646357884,0.08904851854629356
6086,6.9419038653088725,4.3880544993791295,0.23987104701957998,0.1421756538793865
6087,7.923773914562106,2.782184109394032,0.43199207901799647,0.08828383933619172
6088,6.36901197309324,13.256103619644257,0.2706281133615211,0.663089051392993
6089,6.771079668459598,1.2039684280843503,0.35573582942346643,0.04684403915310956
6090,7.036101472347593,6.832462945315197,0.4040393314598176,0.2763729582286823
6091,6.928898233098189,2.3989270918726002,0.34447876323557397,0.08329892605117925
6092,4.731393854548682,2.11231217948427,0.1240709717554808,0.07810505281436791
6093,6.485239899235048,9.537419545615773,0.283581270198818,0.44478759965224085
6094,4.296198014541461,3.8883254309221287,0.20940414557795148,0.1320282557168421
6095,6.4923428263771195,0.7579359278892478,0.26643392379864467,0.04003062139116398
6096,4.776578530462103,2.594797403901714,0.23703334051347977,0.08551841165207301
6097,6.217635473517254,12.925663261192575,0.3247225149693831,0.6472504648185028
6098,6.182697365728411,7.952629393226581,0.2676696631523312,0.3406300518606701
6099,4.259058929173634,0.5864290890106932,0.2309797517129583,0.03698409819838144
6100,6.436908868512256,2.7591342010779303,0.39802668302051997,0.08795610619312916
6101,7.2850681642200055,1.6693305725237324,0.3870578156400392,0.05231569658951088
6102,7.16607356847799,1.52914755438583,0.4075222823677122,0.05027667760262973
6103,4.47221788899307,0.5979064006584371,0.2757410528942384,0.037269967284266785
6104,5.923452263666983,1.119345124127237,0.28936746744062763,0.04500209946467236
6105,4.30508195152503,2.2576835561984585,0.18484581233184236,0.08081639322806217
6106,6.498029644349296,8.12852864904754,0.22156474562574355,0.3479204385762233
6107,7.894674738622245,0.8558019662994149,0.44144837036676005,0.04145587895463007
6108,5.98257942224387,14.495136530086363,0.2885036362576217,0.7362329457616422
6109,5.91233283370031,4.345088454887392,0.22507973831389458,0.14131162888751045
6110,5.609116175298808,9.252027011309861,0.25910879750853383,0.3897283305647546
6111,5.196055037504313,2.162739587378383,0.1878365279816814,0.07908303205062461
6112,6.277425012428112,9.397280456306888,0.3335235340825818,0.3949353962419294
6113,4.1045503911829355,13.657105482100734,0.19956504087479768,0.682219436026766
6114,5.291988448342486,0.8154676993341111,0.2913193846516641,0.04056997038744074
6115,5.960995079501075,2.4638542199333497,0.24894984247938257,0.08438237224877503
6116,7.828365556506805,7.226668092165289,0.3450272388421043,0.29059915881744347
6117,5.121890235467352,14.82997023635218,0.22782719810591792,0.7528793940341177
6118,4.756870759168211,3.9016467593389543,0.1773091690954575,0.13231357777925307
6119,6.972370901118546,6.788237488330701,0.34195545773007724,0.2747250643996832
6120,5.818098780824696,2.861306367860985,0.1759337404197756,0.08922602900910713
6121,5.4796789836156075,5.857537003792594,0.23920605334324255,0.21703949057680907
6122,5.343929856864015,5.098049600668891,0.20982929157994887,0.1890229189246084
6123,6.832380222095936,15.227677104066174,0.34940202279203175,0.7725121087048246
6124,4.6906032826459,6.049427797417549,0.20234323114430375,0.22456595215812303
6125,4.082481602413817,1.1534977180845556,0.17359022304856686,0.04574775470321154
6126,4.9575422068059,4.118403818995221,0.2133814306043352,0.13674687524440532
6127,5.309278385664191,15.671521375068465,0.33443637128028375,0.7937615108952968
6128,6.116609316069174,7.9211512829425645,0.28798941899146496,0.33931739572034425
6129,8.105142927059802,1.7433706480113529,0.40333458767898767,0.053413219404495504
6130,6.883108255735249,10.613733469475967,0.40800028292531826,0.5110364110029387
6131,6.162994369516363,7.238909706571782,0.20182687884689995,0.2910589612073356
6132,5.567464380516916,2.852523899020166,0.3038392648094533,0.0891055929809571
6133,4.615747646388436,0.754060206186593,0.12837114626909849,0.03994382651133284
6134,5.652949808569217,0.4834188732218407,0.3053916982662183,0.034931125043828365
6135,5.604126363859305,18.69462404533503,0.3076340573927389,1.0533138841576064
6136,4.57326935071086,6.12747066465852,0.1965396331437367,0.2268314204213688
6137,5.623834812472746,1.4756823212954915,0.31801319196012573,0.04948426021781259
6138,5.549976578385439,1.7540133438319572,0.23270218163302617,0.053567608091961635
6139,6.919904176981391,1.8253155679130435,0.2853896778110146,0.054476529623401895
6140,5.284586057873871,8.148510990534746,0.21991034086200684,0.34874321616867876
6141,4.694376716329605,2.129345728866181,0.2403079373759637,0.07843744818082793
6142,6.970303447446397,9.150732976697073,0.23933304643856526,0.3860338645962805
6143,5.733266813688354,13.729885680384779,0.3414418585243075,0.6856786606745945
6144,5.189390513255594,4.636587253578632,0.20764074200232088,0.16040078519019405
6145,4.3753292939596395,0.4687049431800587,0.18558379719486873,0.03447825551320274
6146,5.636889146810601,11.235990275288694,0.2964277955375748,0.5654726873850061
6147,5.5398125021320554,4.801642249702364,0.24988352626351248,0.16409750237489815
6148,6.7861395395614466,1.08974471148918,0.3153723284276641,0.04435653241909695
6149,4.754088038270981,1.828972427659989,0.22088843100321975,0.05452702566856351
6150,7.569945620346817,1.6688443823032686,0.4325103179893158,0.05230834891843621
6151,6.531765394031416,7.654370131791409,0.3357215785176623,0.3231724587561469
6152,5.669232068503454,5.932823013198267,0.18232586296416828,0.22140950703267026
6153,5.4696403902324935,13.693241576959611,0.19865469304029354,0.6839375223737356
6154,7.482417890122934,3.156591759802019,0.44232034396035474,0.09253386668059095
6155,4.9493073052461405,1.4945411941578026,0.13535205851654838,0.049798032337775466
6156,5.781935607120785,1.1902354923126062,0.2006174053508603,0.04654685086401613
6157,5.327622043697197,3.042632838551273,0.1762834092126876,0.09162573060558259
6158,7.0509919006651804,4.581571669814367,0.37459010154932953,0.1591419357641335
6159,6.721838335772172,2.3291768006061253,0.3840391390879096,0.08209528586683404
6160,5.9451115588716545,8.506191290134858,0.32427953420278166,0.3632359863396539
6161,5.306041016971269,1.295445278091869,0.20057915362149437,0.04844298140194256
6162,7.675575020325547,2.9668635639297727,0.3262661884417644,0.09064248252090568
6163,5.187027379207312,7.069472568485088,0.19200534140519346,0.2847030409339029
6164,5.794912934322059,0.40644928902438465,0.23712186469202956,0.03245518804976519
6165,5.116598287765826,16.22533950220416,0.2588339558188397,0.8261475386560292
6166,6.012125466298385,5.7889951168202645,0.24091970631925955,0.21509331116214292
6167,5.0862345150483055,1.1046664964001986,0.16094146453550745,0.044681688615353744
6168,5.359021031916272,0.6601260702209585,0.37245326081655816,0.03801519195353522
6169,5.914560580247772,1.899450608226187,0.252504175712492,0.07400950904839522
6170,5.332915671899164,4.212153859927815,0.2550514052376062,0.13860319376808453
6171,8.357584716954854,17.397357252472418,0.41475164935674474,0.9323095440545255
6172,7.794142891334228,14.481072806869287,0.28864509439161634,0.7355317717983504
6173,3.3047298050820593,0.4325337201522323,0.1026033291364958,0.03331850700809189
6174,6.27612174700904,10.737454829386841,0.26321402355638596,0.5165150630069508
6175,6.76966408456693,6.266030728805117,0.3970341700128211,0.25950463160666126
6176,4.566152462919883,17.18587147134246,0.1963009635701129,0.9215444407830332
6177,4.991071932855533,1.0203500157543945,0.21233006903873958,0.04286378760426877
6178,6.297974708262311,1.9275686598650812,0.2855593143506766,0.07461753941253549
6179,4.9819573798431955,1.1734921181761049,0.1257744792012985,0.04618325681632001
6180,7.680390259622807,5.288191104989568,0.3696560221218375,0.1941413342973811
6181,5.520219574072953,0.5442107346085431,0.268099637414966,0.03591130192737327
6182,6.069181807235992,19.566599469790823,0.19017791110168034,1.101214125694163
6183,7.030504150044497,0.6939883762782032,0.31615397153385055,0.03878222014303002
6184,7.438922618598785,1.5471981205191396,0.3418760203675452,0.05048310140033653
6185,8.101450655820788,1.6814419133637049,0.4247325443995364,0.0524981126828167
6186,6.145569732841783,8.015910751643888,0.20892199998838815,0.3432620502175465
6187,5.8276183770208645,3.158101033219924,0.36365861044176445,0.09255250000009682
6188,4.750186445025782,2.2525101128456195,0.26332103089133047,0.08072202217057736
6189,4.763280507517295,1.4391543967102274,0.21465434445788717,0.04892448367616695
6190,3.9416613291980953,0.8238171310846784,0.19909317278821467,0.0407501371589292
6191,5.117905230462623,1.4618088583424331,0.20040933449751172,0.049311236994341756
6192,5.633939034692907,1.2276953081419564,0.3132736134278454,0.04735463154732786
6193,6.118189098305888,5.760622570872847,0.2797151439546814,0.2142850456991896
6194,5.898508296431232,6.60380293071552,0.2203321257272394,0.27085329719479107
6195,4.107309061522749,10.233713258056628,0.11707824586037013,0.4943428038479533
6196,3.982376777492789,0.8206321842783671,0.18638376200750925,0.04068129591104795
6197,6.652258517285229,1.7756473988759662,0.31212917238090915,0.053878688332760175
6198,5.254242052627124,1.60003969568641,0.1988520081756272,0.05125105306062326
6199,5.865373462615319,4.028772316628241,0.26911580564411103,0.13495232117542214
6200,7.4936013784281545,1.4688275699638773,0.37615119217499887,0.04936950227006699
6201,5.28106586030341,1.501766634780814,0.2819784259207892,0.049917491077590685
6202,3.301769452009148,0.850151529520662,0.08241141257468768,0.041328435572838086
6203,4.556104550821517,0.4510103637263811,0.23624657936237348,0.03391889378835225
6204,5.850383221153476,7.997951539892247,0.27318257655822376,0.3425160685544004
6205,7.943015679134139,7.458982663763771,0.4128767100233986,0.2993316797517162
6206,6.466409007563093,10.888685681324525,0.15856801757940883,0.5410313850005953
6207,6.276666864923407,2.4447597463354875,0.24088404253381354,0.08406731739901098
6208,6.273460406982453,11.789134210673945,0.22480364624286317,0.5923925659406343
6209,6.389024736454358,4.91634169019379,0.2339303230862087,0.1665914670011698
6210,5.76123935172754,6.109054561919806,0.25236171436652227,0.22629716900269786
6211,5.856200473230296,2.167633106733413,0.2703404367958526,0.07917670947814151
6212,6.307489845877074,1.289854265890035,0.3320665076236788,0.048329001046390214
6213,6.81664357939817,13.582980257414032,0.343374598452936,0.6786919001437525
6214,6.586334946509448,9.804833702284364,0.3317358614358239,0.47469545231438554
6215,6.021865327126405,4.790623783346143,0.2147476907900229,0.16385461436495355
6216,5.105742519114664,2.1432245136142827,0.26667980202458913,0.07870710189420058
6217,5.873953985312883,8.01635537708073,0.2650024018409866,0.3432805086664022
6218,5.509068203673819,10.058944083721066,0.20790052194282424,0.4863970396421395
6219,4.738932487948006,1.1469714480484936,0.21969371136246332,0.045605374396986254
6220,6.9119038170145775,4.687728584547881,0.20745757082994562,0.16155930617687314
6221,5.933452053232187,2.891649301288108,0.1959670557735487,0.08963927839929361
6222,5.940149952212502,8.574649698381569,0.22952260325212284,0.36595174565125815
6223,5.331395484101285,5.183040504435495,0.23443518598392685,0.19132969844038994
6224,4.722511356406282,1.8303934751271969,0.2002158970476391,0.05454662117684677
6225,4.954956558511004,0.539794653577173,0.16703505805299398,0.035796123747106987
6226,6.970953766731726,6.89767879709286,0.22974239188788714,0.2782837058568331
6227,7.009376102692629,2.225219436255512,0.25736693026852503,0.08026173836722052
6228,5.0747609081876455,4.0127674245980804,0.2418308542571202,0.1346142657875073
6229,7.349034138133842,1.8646370485261814,0.332736536811023,0.07324519136658836
6230,6.297525919107742,5.00085978408897,0.25768915885286886,0.16838814076065714
6231,5.693189159330567,1.9612514065896827,0.3542003961730423,0.0753349759882729
6232,5.211856966967159,2.83232346393836,0.2190848179361584,0.08882690136968677
6233,5.343784727581133,0.47321469949601386,0.23184649566702795,0.03461823863949327
6234,4.663396714711673,4.2452179672975925,0.1874540287043952,0.13928162754655649
6235,5.010735521782286,8.979088694599167,0.27891152122688234,0.3796527275630284
6236,5.1365657237560045,16.346122859408432,0.20543369820494292,0.8320154373053291
6237,6.48009677702422,8.390817367413764,0.2813444053610834,0.3586142641809192
6238,4.742151492974188,6.178990376804132,0.15907148844542598,0.2562710805572877
6239,4.427928474660367,4.20473361555631,0.19431377665129548,0.1384505218776906
6240,6.7577122257502245,0.42838820163602825,0.3180947224184752,0.03318255364055667
6241,6.103263111318802,1.8415562660373581,0.29023886193172777,0.07273139505948259
6242,6.950477385046084,1.268457134544716,0.27430025279921005,0.04789048309753098
6243,5.74281294162137,2.0669638617499135,0.21744440196876028,0.07750990524165109
6244,5.088652019963152,7.082144529697183,0.16912425333078965,0.2851776634870898
6245,5.640264682151405,0.7045211818136884,0.322474761041059,0.039020656438125814
6246,5.122990997632082,1.5930937580743567,0.2712153248274629,0.05114307675331189
6247,5.473442510081561,2.8515101611158946,0.21347027437978364,0.08909166308788502
6248,5.984603109610604,14.357581767286945,0.2016603653267414,0.7293687990397834
6249,4.158103454230807,4.281978437843622,0.15344948343292014,0.14003225640928824
6250,5.107318365377418,7.4417033265803845,0.16209936548387144,0.2986820702516268
6251,6.869124728301185,11.599779654406774,0.34512824590832625,0.5832236894724642
6252,6.118194205658168,10.10261120619942,0.2773124782761703,0.4883896650093745
6253,5.774200465204987,1.502604264154456,0.27587390304221177,0.04993131254568048
6254,7.52424720707345,1.4606802822441072,0.21712697032979747,0.049292067786040436
6255,6.767812080915102,0.821571229080926,0.31300026206428994,0.04070157787617721
6256,5.0897650898127855,14.272670325209802,0.2190855040245505,0.7251252282246834
6257,7.016557513818824,8.34979305788604,0.3675595482049149,0.3569578866050341
6258,6.542462609898521,20.41901132172244,0.375223637602033,1.1647982803786396
6259,5.451338686768031,1.563138386550325,0.16355090110908,0.05073734865594304
6260,6.5535973483584335,5.511854719515257,0.2761411271714103,0.1997038643518295
6261,5.433016180555482,4.32435354669802,0.2381618038400871,0.14089261330598785
6262,6.3795222283591775,1.2785598831680407,0.21639318589721626,0.04809797503474875
6263,4.740095800903483,3.1319302816065857,0.15808152897113134,0.09222808782771072
6264,5.493240016319586,1.5883282959978424,0.24207913563440342,0.05106877803279444
6265,5.150244771349089,1.283238185157491,0.24183433392487538,0.048193791068980134
6266,6.764330522264682,13.508393637614798,0.20758561279952364,0.6751381700772946
6267,4.970103037998334,4.753442844158994,0.2178230540199784,0.16303081837338865
6268,4.304770081995344,0.4842848969054316,0.27606671091206264,0.03495743699170131
6269,3.832541140029822,16.047490487668085,0.18019873570804004,0.8174710919170813
6270,6.168464273374405,0.6006343121486567,0.23599046105912688,0.03733758465767199
6271,5.674806559601617,2.0392837114084537,0.22904323534918358,0.07695151688209897
6272,5.667352340407072,13.137442031846922,0.29714943981264236,0.6574082417921264
6273,5.327391142644978,1.6768833698988657,0.2591728334714505,0.05242959346484934
6274,5.17655855448477,1.4416841624853438,0.21498013411840544,0.04896787628669987
6275,6.441627894420464,17.296007151983538,0.2356340267820968,0.9271559812896932
6276,6.689842470696351,1.8538357010313604,0.38564197862567856,0.07300546483113406
6277,5.906471907237877,0.707415171924224,0.24896756391329253,0.039086229556428265
6278,5.975803634347498,1.881086182585987,0.3384966368014179,0.07360791045293916
6279,7.639788925966805,6.740213235191365,0.3346167749588964,0.2729382909990456
6280,6.368407429978706,5.4831740091918,0.3676662883093281,0.19923126227438068
6281,4.523119079110457,4.648385246499511,0.17421163232662648,0.1606690626187645
6282,6.750253019017164,0.6919718107364915,0.5304664891166221,0.03873659407571441
6283,5.801212060001476,1.539999381037906,0.18082290761189515,0.05045217380782311
6284,5.659430160632674,5.674409996287143,0.2455281789455679,0.2038090329579613
6285,6.52210194159445,0.8423354294071718,0.36681658069438133,0.041153451867660854
6286,5.182602555164373,7.231551770364631,0.2758602843015321,0.29078258404630936
6287,5.3579066573981295,2.7646987433972123,0.21152984855803858,0.0880355273427135
6288,6.282338284271576,9.119267149279104,0.2450715812808251,0.3848754637264908
6289,5.911614970833479,0.8397950267172759,0.24822663880837384,0.04109779890053824
6290,5.677140797889671,15.830817134412182,0.2911312834887609,0.8014807154849471
6291,5.1411188823445615,1.2197488118210473,0.2307040501209903,0.047184045785521864
6292,5.669304505609099,2.0232309906687633,0.16099157779689763,0.07662413307722268
6293,4.676703126640063,0.8575563292321328,0.2398536718895015,0.04149601484105271
6294,7.48840093033215,9.77116173177014,0.4158824001672233,0.47313039789668904
6295,6.9704776661469205,16.986059600514345,0.28708139663817533,0.9113324239206559
6296,6.411211901847409,7.503031794701278,0.27703686298111646,0.3009873453481585
6297,7.105937463667639,10.863540760014205,0.24074748182509753,0.5398360812100471
6298,7.66084932664895,6.989659757152883,0.2563010704803943,0.281717027215578
6299,5.467181836680753,2.3082789143741813,0.2988506693293991,0.08172627657752121
6300,5.372766035995282,11.121982237206115,0.1824256068577589,0.5598889158174831
6301,5.643632137239918,5.697038299319051,0.24200567422038494,0.20437233276392933
6302,6.539201510802013,2.804333271039232,0.25875871210026513,0.08859569773070669
6303,6.171091302629458,9.033995645160493,0.256748357988684,0.38171050699730197
6304,5.50300846642676,4.644815372568428,0.2546401751132515,0.16058794993664152
6305,8.295171284771573,9.757252028238302,0.41427898061410645,0.4724828385188642
6306,3.9996445734044737,9.810206251411483,0.17656716099501898,0.4749448373650003
6307,4.677952034354752,1.0746123144169832,0.22104734018580072,0.04402778081105295
6308,6.7584160075121975,4.5438310698732325,0.2814887501611119,0.15827109335319986
6309,4.126000152843713,4.553560852422817,0.1563177930788191,0.15849615660255212
6310,5.910443217408859,2.4076051231643434,0.2751399352727652,0.08344572935964403
6311,7.527459709355543,10.268778960028964,0.31465805757327076,0.49592794204062135
6312,7.749277834303242,16.4717656607382,0.29623732871040326,0.8380983648753831
6313,6.24171337365738,8.62197325163882,0.28430807267074254,0.36781710104561505
6314,6.6372739076126805,3.2492150417690087,0.2182508193577959,0.09318093265899247
6315,6.497688574398558,6.0259636262471235,0.33066503384075463,0.22412312425599468
6316,5.925138538835166,1.5867755399581118,0.36448781104030614,0.05104453047662243
6317,4.963353820707538,3.923220054058915,0.22536665108317983,0.1327748244676579
6318,5.986069990371527,6.4612987352911295,0.3486617544733081,0.26553912268464536
6319,4.963562752025598,1.2073703123015243,0.2408154850894872,0.04691747478022543
6320,6.941603790586584,4.249003684452314,0.3356980522697499,0.13935910918282635
6321,6.709840427762843,13.119811819496196,0.3675090002001275,0.6565635314620951
6322,5.641582097042942,2.22040968711413,0.322639116130824,0.08017227827687125
6323,5.069006101609957,3.005557443021229,0.1585644595558872,0.09114802521246396
6324,5.6169542857379575,4.490632978751078,0.2665904602588808,0.15703391058528363
6325,5.982016639714111,10.223157592548699,0.1722008355150038,0.49386506142596936
6326,3.8156821864370856,13.254897761346303,0.2271390339269781,0.6630313634167958
6327,4.9462437881116825,4.425511603799492,0.15590861299648198,0.1429241074744186
6328,5.105119762434275,2.1186371185185786,0.23300256836027952,0.07822873058184016
6329,7.325587991840598,12.243528972039721,0.38565476499784296,0.614397217516015
6330,6.018523677641173,10.239531273307794,0.24331187210244212,0.49460600882245354
6331,4.660773657978981,3.83072288372115,0.2377992695900425,0.13079013144462445
6332,5.7025832814667,10.174504013397359,0.3208306295696785,0.4916595227992618
6333,4.773597272368661,5.585163877374327,0.24879302567652714,0.2015681515777001
6334,5.9342203980136095,2.3492372100734795,0.16928067428647237,0.08244583115655388
6335,5.317801500046711,1.6198882038125222,0.19864088032336474,0.05155890306509077
6336,8.113217306985756,1.774832897884394,0.3451729779470289,0.0538670430227256
6337,5.673059633043378,8.511470826848043,0.21086955204468275,0.3634461490451339
6338,5.771404301667432,3.7732156259684335,0.15975017345134143,0.12954712699928236
6339,5.965404766422172,13.636370693138455,0.2667645507469628,0.6812331265720708
6340,5.6216392289885535,1.8367896748260375,0.27198634581674913,0.07262457956010833
6341,4.836895165274943,5.233142630736461,0.24224243334252032,0.1926752443755422
6342,6.958249104300424,7.696882704941666,0.3002233056224725,0.32490609146478605
6343,6.04591482714224,1.790429378820893,0.21309122074086137,0.053989699655150304
6344,5.220821755519564,1.2887317710725141,0.29778564079954545,0.048306086239661
6345,6.21568901589793,4.628907666453439,0.31386201998603735,0.16022583474048097
6346,6.388229804381425,3.474923980764593,0.3085864206392896,0.12399296509494924
6347,6.854883589062582,3.3710309685997824,0.39729657100987525,0.0943868603348702
6348,5.083152213965134,0.6609910746015754,0.2070240410017983,0.03803484348769204
6349,6.822992344342775,6.638545246467797,0.2594356348675116,0.2721526727953014
6350,6.123638633755595,1.9665512158908958,0.24232764309949398,0.07544677821250337
6351,4.429463307420557,3.4312843209432957,0.1499823178684929,0.09508152936700721
6352,6.505939414912645,9.703511746777963,0.2339588539068249,0.4497619714290945
6353,6.159192692743025,11.706104121366023,0.27648405961535244,0.5883596204327962
6354,6.272231840868,5.1524311088730625,0.31665486037902485,0.19050241792365072
6355,5.142956096651118,0.8449811736313141,0.2228668015360595,0.04121239825668618
6356,5.2321784176534285,4.848558060409286,0.2901435781606917,0.16512526198894653
6357,5.755794179132335,7.36349725370684,0.2285120010643336,0.29574158617795276
6358,5.551032588819006,7.588166474084582,0.2162669356086592,0.3041849457223864
6359,8.270784057774215,0.8354705427914544,0.5389091521840264,0.04100330757680826
6360,5.586033614265262,2.903103015962382,0.30779492719752494,0.08979395706803078
6361,4.8919042404731075,19.073390281424366,0.13278118826656243,1.0742806574931905
6362,6.50321131540361,1.6387667791101173,0.33082075689151746,0.05185012099225083
6363,4.447265896183656,10.516005508507758,0.2694867400981409,0.5066872879893024
6364,5.271511736113262,1.6431454614059198,0.2736110331713841,0.051917269899900184
6365,7.57301137724114,0.6909725770847467,0.3247249871214402,0.038713987018393
6366,6.884329044708269,15.032196171409293,0.434065213006496,0.7628832354410455
6367,6.240628930608723,7.810494154432662,0.32729834312892503,0.32952564736647355
6368,5.6313424326248125,11.158229118198802,0.21795927053062866,0.5616653474730555
6369,4.300888067719094,2.9115295214062193,0.19669320681893573,0.08990730159002266
6370,5.840936421718993,1.0582297708673667,0.15577961059553655,0.0436734810735234
6371,5.006051716530902,19.21450625272812,0.29763998802756925,1.0818341841560632
6372,5.862842929332167,6.513908543238674,0.18804063939988816,0.26749815393788595
6373,6.707148686340562,2.456899852846418,0.3303706594880368,0.08426797302095929
6374,5.746619911468715,1.0666072763090426,0.2398362435351474,0.04385441781461917
6375,5.326036954451286,3.0243389670280836,0.24343114694259776,0.09139081802796492
6376,5.7777967955191265,17.23056215336976,0.21139578248383342,0.9238229246782644
6377,6.610827735983295,2.4309087284970476,0.30434495727547356,0.08383689401988574
6378,4.358392067222698,7.58229448444374,0.10997739465920037,0.30396453092827486
6379,5.816175241049483,1.469408765215727,0.2021597272191257,0.049379246963915935
6380,3.7662428767332146,4.835537739633696,0.16205327677389483,0.1648410844141093
6381,7.582158395547169,0.7063001004455701,0.3790713976018509,0.03906095979620802
6382,7.014879973463524,6.813249447552639,0.2645055224491694,0.27565675550662583
6383,5.547469471466841,5.610039551905059,0.3191446308775561,0.20219587934914215
6384,6.692639167624197,1.7575846689849137,0.3550979842961009,0.053619214791317246
6385,4.961309253296274,0.34276987749934573,0.2928241759648261,0.03116142155686351
6386,7.580774498538409,2.295778808598023,0.33607325351651696,0.08150366475625923
6387,6.652159199047849,12.121731557250747,0.2644748083499426,0.6085092544167324
6388,6.04177998194781,6.548452003667005,0.3569067455461344,0.2687862515853507
6389,6.735020586774536,9.105437319087834,0.2787110960306444,0.38436470565005965
6390,5.857597451456987,1.4528627217271533,0.259639221351416,0.04915900318112934
6391,6.03448177860377,1.0829698635756246,0.33684388503029145,0.044209199783418585
6392,5.02193830046728,7.75940227725433,0.26124396310458703,0.3274508827996385
6393,5.368529889396934,9.151262114430047,0.2567652954715901,0.38605330084820294
6394,6.978516501129254,3.2474841387172035,0.3089021622892938,0.09316009796760805
6395,5.374621457077665,1.912835205531111,0.24298912778490914,0.07429997591818063
6396,6.762412256895522,7.001109027258841,0.25924336015206256,0.2821450027622626
6397,6.04436445078263,5.427796103569746,0.23306996297202143,0.1978018373131121
6398,5.102597286373396,19.871167832057587,0.19650978839170824,1.1179201689277163
6399,3.9626484328884555,10.119162506941546,0.1498510714423301,0.48914362995536514
6400,5.481712890539472,7.889009948819345,0.28585267439570167,0.3327039898664185
6401,5.326682870005315,8.742102210754588,0.31789758129375495,0.37250600912485315
6402,7.674552249958455,0.7902497853175813,0.37313004941744743,0.04047269743750698
6403,5.32597201852803,2.9504587921484227,0.2856941962732396,0.09042606810098594
6404,5.438780195200462,13.12998596113108,0.24954970278991687,0.6570510225468978
6405,6.8336013287788235,1.800387514568325,0.4424906735731347,0.054129610861687216
6406,5.665503355845628,0.6838140923624063,0.15621172661070404,0.03855203106797523
6407,5.092546724791711,0.4638017614550161,0.2192094935753913,0.03432486607641704
6408,5.950394189504215,4.674889399833641,0.2791499930156384,0.1612695360927429
6409,5.183658795147495,2.2917484581395184,0.22103469028773423,0.08143158547720125
6410,5.891027349404211,0.661419373642311,0.19078516254141772,0.038044571929076273
6411,5.370702093676713,7.330218854219377,0.3179638695824033,0.294490428708187
6412,6.0161136264610375,5.8168125522813785,0.21681232318002933,0.21588422204166363
6413,4.052337524349661,1.2004389002728098,0.15083565292943849,0.04676776972518731
6414,7.084536606744045,15.547288827217063,0.36402731241103536,0.788157920883752
6415,5.66803681996179,16.52944300734766,0.27613821725586823,0.8408836349985115
6416,4.318826224172693,1.262034515835467,0.08668751062536698,0.047758165164171265
6417,5.06488962865885,10.521233593995007,0.35005417032440594,0.5069204446719376
6418,6.286473511463721,5.897629574271953,0.24361953821203952,0.22038176340365537
6419,5.853275594026365,8.435551984032761,0.23875585394590573,0.360412777308507
6420,5.880129650278876,5.3100709252150935,0.23808021257493195,0.19472047691719074
6421,5.294646153902141,15.943512931473405,0.24109306596871324,0.8123785436998249
6422,6.6989072893411175,0.666353335273096,0.21820414062868237,0.03815656135229184
6423,5.424287582964273,8.968773915136905,0.30982436209977876,0.3792644291595735
6424,5.5332583157981965,12.016265749068843,0.24704710636375896,0.6034049609057927
6425,3.80886389889195,0.7101290958915639,0.21256490672541026,0.03914775604762753
6426,6.076974363713533,2.8278958857296304,0.3435481395443743,0.08876550071223885
6427,5.6186122512822925,0.7262401926770294,0.19977083717925248,0.039325140338536936
6428,6.724748036278092,0.5267387689467147,0.31040583658952636,0.035451607830771795
6429,5.751729224246692,4.730148741665705,0.2715208666634611,0.16251144785116065
6430,6.931705505644145,0.35416019674266025,0.35055179889759136,0.031675590238345847
6431,4.288108176787734,2.3782480783462363,0.2167784686633951,0.08294650531282863
6432,4.129516497800713,1.1719635479518344,0.14088701586219599,0.046150008169134685
6433,5.13692994737174,4.98573896422356,0.23695175690721637,0.1680692960111586
6434,5.5103804366522935,17.389168611132387,0.31106857114714,0.9318935168131544
6435,4.432324750577054,5.320126558712818,0.22506892715931273,0.19498596063159815
6436,5.775504583949772,5.258901634527629,0.2224184375385136,0.19336287999582638
6437,3.9122540978133125,2.532015422674299,0.18575198370631016,0.08453712864322879
6438,6.42766047991545,2.8535742651263107,0.2775928301422532,0.08912001999711308
6439,5.323531694103715,1.4871913150647265,0.206151397756935,0.04967608588420612
6440,5.454185143378973,8.734390051266985,0.21510598827534058,0.3722070367664547
6441,5.4773697307338445,5.756990030597872,0.19752393369546098,0.20585547966822967
6442,5.333389192375614,1.896184457497833,0.1808137819959659,0.07393834281638526
6443,3.827441480078311,4.351615892217295,0.13717393781699097,0.141443263534729
6444,5.1860853562149805,4.362876864966768,0.21120344813807435,0.14167004569817185
6445,6.291345073409706,15.174084665740875,0.28158464252916926,0.769876574050685
6446,4.576049350815474,0.5341322010160569,0.3100250930315493,0.035647457381095496
6447,6.475629063898819,10.575930922625485,0.3515204885257411,0.5093564086145409
6448,5.426616768069558,14.279109513973758,0.21806261153266315,0.7254471962495014
6449,4.333021355258611,12.414194615074678,0.22798711518575582,0.6226359895997501
6450,4.808791481996903,0.8159299014701719,0.2205086846008604,0.040579918736575966
6451,5.40553314710695,2.563606536571232,0.2966116627161238,0.08503434560376298
6452,4.591614217003545,7.956616217950502,0.17044061223799004,0.3407961488790325
6453,5.832487212140015,0.815951226905789,0.2571654911536821,0.04058037781057361
6454,7.135269108302323,11.388952805098144,0.33864575137319874,0.5729481272302932
6455,5.5935101310974105,2.0470596532682275,0.19742859516231445,0.07710914513710432
6456,5.584496906200439,3.6457538745801163,0.19418661832625883,0.12734206414583396
6457,5.0767119695837595,2.125056209229091,0.19088296152342013,0.07835384067994325
6458,6.219459578577468,2.572856388984027,0.3567952969285672,0.08517864884350423
6459,4.348166773866602,1.1144012893614164,0.1938186148443806,0.04489414562948965
6460,6.135308377392295,1.2906405657015436,0.2714096853524447,0.04834504649529693
6461,6.923443807146019,6.845691059899814,0.26498976382223455,0.27686630134596935
6462,7.14830724314909,2.1339206885492867,0.3080207312006428,0.07852654792727029
6463,6.550923314973219,0.3664801129019349,0.36257570006682444,0.032270691601474985
6464,5.931321008498429,7.333140217190747,0.2875041588152672,0.2946002551578493
6465,6.501034037143703,0.31691512920875803,0.2631740671391807,0.030136354395677852
6466,5.46811759251674,0.6303112952363218,0.13810803260752721,0.03791049126197488
6467,8.047241847376206,16.626501995705553,0.3909820095469443,0.8455606148455419
6468,5.629912204522541,7.0874546506068805,0.3535631305950795,0.28537659192184023
6469,6.999911517711197,7.95472655888244,0.3237626217595681,0.3407174273542288
6470,4.405869255182202,2.3854888450532683,0.1570972295194629,0.08307032460527318
6471,5.060720591852486,8.169251277856137,0.27104982738557387,0.34959591043530674
6472,6.207179518634117,16.076486703915343,0.35138656547226904,0.8188886643292362
6473,5.397326678581867,7.737965142058959,0.28835537987300336,0.3265789971803356
6474,4.687312206792289,4.231698338586914,0.2236090585884499,0.13900459218733704
6475,4.667402129729733,6.812603005832412,0.2723295555128053,0.27563266630694006
6476,5.595360863396192,2.7853109201358768,0.21688526772888764,0.0883280451932693
6477,4.480221258151056,7.921209763010595,0.1818310545051645,0.33931983635362845
6478,5.25210998748425,1.9792595647093645,0.24635133802987005,0.07571367026342617
6479,4.405796541092269,11.98794696910095,0.1580743957168528,0.6020334414023002
6480,6.196851936481691,5.024578186584358,0.3067754284587925,0.16888599292993278
6481,4.334414707633205,0.5996392560682218,0.22687652433903996,0.03731293330438718
6482,7.555964158991759,9.896002656241361,0.4582601067887864,0.4789153992120676
6483,5.044619081022416,3.9332323757227554,0.17528536488425364,0.13298854469579263
6484,6.596097179425997,1.1439051304265424,0.3471336531675073,0.04553844978497345
6485,5.991841405917363,1.4568498153929794,0.3161756150211122,0.04922692984401422
6486,5.023874156636627,1.4414360844423768,0.1734680026875113,0.04896362332937963
6487,4.68888148492825,1.2028447321559244,0.18386179421770604,0.046819765861224445
6488,6.228826873629022,1.7044193345135703,0.28202989275749324,0.05284092631750672
6489,5.265730489523901,0.48227374990029404,0.2455996284281089,0.034896275692535866
6490,6.42707105602176,7.216343529425962,0.2599018652434972,0.29021141976571063
6491,7.158523062944972,7.239103220151215,0.2894650707708412,0.29106623026514605
6492,6.300011440626032,4.61092998579999,0.30457226835638535,0.15981529526176613
6493,6.099541168039234,10.465505052458461,0.2815924745203595,0.5044321804109854
6494,5.0973304604145016,2.9364359476848834,0.31982958621023766,0.09024011190120554
6495,6.740757580819674,0.6721313729596734,0.4233523772803716,0.038287546466602373
6496,5.346956782898975,1.1719025923604263,0.21791072465543748,0.046148682121419704
6497,4.455733897245616,2.976673164020296,0.1251902152472625,0.09077134063262039
6498,7.013860605778061,16.161197407781444,0.18946631886986764,0.823023309915975
6499,5.403171743210774,3.9482227476019074,0.28999963196873096,0.13330810855376365
6500,6.117713990648547,5.3015294273109905,0.21474371703751965,0.19449463166225434
6501,5.704092158256698,3.191104948357443,0.18018621497515216,0.09278006655494908
6502,7.231523934941292,2.961329283528495,0.4004838134023918,0.0905695728815328
6503,5.421317013191425,4.590938741310116,0.24877545613116928,0.1593571692858417
6504,6.026396423626367,8.151393851029265,0.33448297552184997,0.3488618185612407
6505,4.734191747927232,2.52891397600161,0.25882591870361155,0.08448791236538347
6506,6.871347009259023,2.79393603945879,0.3436085539046818,0.08844967548492474
6507,5.648082400346334,1.8862780501046217,0.21857213407121107,0.07372180672403064
6508,4.676419759983947,8.482473063766136,0.18811582287687081,0.3622903735659518
6509,6.119918237250386,9.221843971277497,0.25796215896374436,0.3886329797766704
6510,5.754896923765506,2.8419378377711135,0.18729660120062716,0.08895983814189225
6511,3.3800691203152344,1.0534658980334584,0.16769907277305507,0.04357084319208091
6512,4.766932241263427,2.5914949892475305,0.24963299001879843,0.08546749869754919
6513,4.284368435488842,1.6388183626937953,0.22792251424081109,0.051850912915424624
6514,6.92357373078586,1.1834574262874349,0.2665836314279956,0.0463997993275226
6515,6.762184473524301,9.537601688683909,0.32094955444088846,0.4447956839404838
6516,5.908902702963773,3.035388082337399,0.2677517205026172,0.09153288393921721
6517,5.1701439868923185,3.606116315794399,0.22807052589851098,0.12646882476537413
6518,4.937197352614087,7.960975372108352,0.3163658823472059,0.34097771650383024
6519,4.530351070873894,2.246858807007143,0.22901383362834946,0.08061864809603139
6520,5.180120054985077,0.6935711624043392,0.23837328013474807,0.038772780074134164
6521,4.985053196374834,18.650903831271137,0.15827056627212424,1.0508889995999964
6522,6.83078918482827,3.2972082719182754,0.2978473444410718,0.09375368200039737
6523,6.157088514225546,6.797249562098931,0.3285031004076893,0.27506067670821094
6524,6.348752842331965,0.5352573884756171,0.31436721401944634,0.035677088803797746
6525,5.605692727514474,0.3661878519407616,0.35352999328866075,0.032255775084729085
6526,5.758432222735634,3.2928132505975265,0.24787568454547623,0.09370151428330463
6527,4.321609575173549,0.350678856276808,0.2861385107948675,0.03151514927100642
6528,5.168270541652834,3.0029677205852594,0.2160704808420874,0.0911144164790072
6529,5.649442584277039,0.8582809826921429,0.2268216875612404,0.04151261043839817
6530,5.553730076654127,1.0447651108374076,0.2949820266451664,0.043383936072939576
6531,5.662995911670921,10.39481103966757,0.1892062396935731,0.5016017200011905
6532,3.7603724143169366,2.301723311159244,0.15693987903901843,0.08160970641587778
6533,7.262098560054396,9.144942203961522,0.2988827835638285,0.3858210638371823
6534,5.562272977427948,3.71110946891868,0.23458438698094888,0.12819710568824758
6535,5.642734607112296,1.13340728585965,0.2464186222924912,0.045309230188877336
6536,5.531740554740538,1.076869229116189,0.2749575089162623,0.044076732536640836
6537,5.438472338874625,14.64394497988236,0.2846442595367479,0.7436427052163946
6538,5.077950611808523,3.4997618512495277,0.27476360891630963,0.12455091936279189
6539,6.039652540512102,1.6654925259887037,0.2971179839964829,0.052257640839085816
6540,5.52174953546658,1.6781010696540515,0.23382538912361775,0.05244791313803566
6541,6.235487947585607,1.4676656117789615,0.29364643865132434,0.049350011968845094
6542,6.697746568035968,19.524855721906135,0.27367620545839566,1.0989201340182977
6543,4.61478376464376,7.937821885148227,0.18080923113580347,0.34001283877652594
6544,6.999475871112746,1.9667609685756091,0.2532998437747235,0.07545119700556042
6545,6.0580314294840445,2.618827050872451,0.24620926117994343,0.0858864940212627
6546,6.432364000472462,1.1338892052281826,0.36350517283665806,0.045319755180291944
6547,4.793049646271251,8.572239990132703,0.17620030770301973,0.3658565010112993
6548,5.552961488744151,2.5441980924158902,0.21565777670499042,0.08472974226222059
6549,6.654135157000241,5.989726682486938,0.29728580533743426,0.22306836395450333
6550,5.819575291982576,5.182670857734229,0.1301556953732436,0.191319731628232
6551,5.645593412290871,5.181205201183517,0.3503177980493008,0.19128020732493758
6552,6.667932248409715,11.617003909940644,0.32328222669583584,0.5840618692655943
6553,5.404217294974763,1.8589803753111016,0.2482242013325293,0.07311980064555595
6554,7.987759507714597,6.471612434560494,0.3472402818725995,0.2659229172118426
6555,6.663826703392728,0.47956919885203037,0.34985974674016423,0.034813706261286236
6556,7.696914520570705,4.696820550024287,0.48937826459007033,0.16176406108837654
6557,4.897131961157336,5.456508637674307,0.21347803945369523,0.1985445547113894
6558,6.158956663046209,8.426595821611585,0.26704295570154213,0.36005336208592625
6559,6.428838171475057,8.9001347278884,0.24718982309588497,0.37666672024736264
6560,4.011166184513148,5.390989278053796,0.15243533935205086,0.1968447149720479
6561,6.809590940830428,10.971124279170557,0.1940964474632782,0.5449444641751596
6562,6.914658145065217,4.842138149162845,0.3560897238028536,0.1649852444228007
6563,6.339184797063754,7.053227354614583,0.31141770985998757,0.2840947871877681
6564,6.040670269182367,8.826725801176783,0.28344695258253505,0.37576718525314434
6565,5.165656296525126,3.670001191652552,0.2022185254030888,0.12787465805162493
6566,5.579030492650708,6.975952830958991,0.20036697603705717,0.28120483301792815
6567,4.461614430381639,0.8474517892954666,0.14792072045510982,0.04126778598005419
6568,5.169041769442514,1.5698355723046353,0.29006768339914524,0.05077877229003763
6569,5.494545541998991,1.5340575107645125,0.3487507056411486,0.050356196803963416
6570,4.875713747698189,0.5209839752247054,0.2680630786323321,0.03529774189942493
6571,4.395155446876979,2.8925982818704217,0.1560091296335134,0.0896521212052217
6572,5.620294899707464,5.42191369024265,0.2265354661384451,0.19764925159894686
6573,5.659843845662043,4.026205527838917,0.24054574553742505,0.134898146297879
6574,5.047860980737153,16.962713903368567,0.1851702194754033,0.8735461187440184
6575,5.138358926748624,0.7568645313728296,0.2267675992645092,0.040006610120427916
6576,5.702369271044959,3.599241361931705,0.3377046114194059,0.12631703619445275
6577,6.980591760794352,8.65179822773227,0.2996286899366336,0.3689875322075196
6578,7.8870914574132405,8.7814949191649,0.30276603465179985,0.3740286363002121
6579,4.998834421915732,14.942738599539872,0.2430350701779753,0.7584629748546659
6580,3.2511907749487565,2.4538402838053903,0.0844376785936815,0.08421751774467023
6581,6.442001134935814,11.778024607765182,0.32508420688571144,0.5918531846805667
6582,2.9393784606426965,0.4151099531656452,0.13849607953287177,0.032743875215421034
6583,5.602733346736401,8.07268821885721,0.2080496738791768,0.34561498865889156
6584,6.328270939609048,18.921017920832817,0.2877808384728013,1.0658549372020478
6585,5.132317171286234,0.5610808409945883,0.1673471036922509,0.03634559952767623
6586,6.471591973976012,6.402420803308471,0.3216189255443069,0.2645862369795978
6587,6.395388383827425,1.9214345405312403,0.48238233256173496,0.07448560218103051
6588,5.493490352590832,0.8851183411708251,0.19162689166395977,0.042134492232203835
6589,4.1844765536300725,3.85066472251639,0.08741915678688841,0.13121956200637339
6590,5.256005469315427,1.098812444181482,0.248645747267287,0.0445540352070208
6591,7.171813779531742,8.902795826422656,0.3366942762712795,0.37676787644955845
6592,6.485839811502802,0.31933813909505154,0.39439133321624953,0.03022215874116252
6593,5.660344293626843,10.689735231330365,0.23421846723073067,0.5144054630489946
6594,5.810508547955247,9.024121251504084,0.23281153842098562,0.38134158187972933
6595,5.806716899257917,3.3717418924079903,0.2549172622311257,0.09439512063011313
6596,6.796836547941382,13.03643096968903,0.33590757433364377,0.652566254464367
6597,6.3299183644591235,6.364272198254356,0.3049555119869804,0.2631628961532288
6598,3.9428598153799332,4.14109629937373,0.093621203789412,0.13721912358282368
6599,8.28011469108253,2.362549157155306,0.46341143243593463,0.0826764854858631
6600,5.597356710759961,0.7042201000496122,0.2864223702333884,0.03901383629937816
6601,4.107855005807836,0.8182008733138836,0.18886500680965937,0.040628840821054404
6602,7.794728988795792,14.515120707325854,0.335191628078295,0.7372290409024079
6603,6.369818228213747,2.766957635147565,0.36702275837087256,0.0880677127025005
6604,5.544944029251512,15.080197372774983,0.1711677624875656,0.765251576922477
6605,8.680383346271753,6.85418613985004,0.42746941936793004,0.27718323304962084
6606,5.718377216733267,4.3166547490706595,0.2991410769839204,0.14073670126158233
6607,7.948258209414903,6.832631722588866,0.43056421302979747,0.27637925149685477
6608,6.10043299519839,4.0987800790755005,0.28908062590999023,0.13633742586079595
6609,5.163115543524064,0.6743591660283877,0.33782277223222756,0.03833801154809496
6610,6.531180043398938,4.553275285478138,0.2988683619900875,0.15848955648838337
6611,5.83716485541431,1.0450388115909537,0.26936630882076146,0.04338980410561823
6612,5.739241238341279,3.542457343292716,0.33865818716120794,0.12526312443089319
6613,7.141674298503497,4.670635180183894,0.32289262273954533,0.1611733609084359
6614,5.531147418408431,13.979301848885495,0.28063181163592965,0.7104316270307838
6615,6.225390186713082,12.852865079327698,0.3569206662459931,0.6437535357801399
6616,4.254425387986119,7.63561828827614,0.14448667797158135,0.32240705864707936
6617,4.6397865146180886,2.785781000088417,0.22965714822308156,0.08833468586694454
6618,4.792245329227918,15.673891616887957,0.20585756720718576,0.7938766278938127
6619,6.429722772802438,5.435129730089743,0.2869488601299833,0.19799186457755125
6620,6.591859461590427,1.1715101022555157,0.32089099917237407,0.04614014344785937
6621,4.991138396212376,10.816114563024879,0.2898858253575292,0.5199830211006159
6622,5.232896166954208,4.248361395562049,0.28911462276721156,0.1393459664374322
6623,4.422374965677855,6.443678579277706,0.1432837029924774,0.26488372350035555
6624,5.127942856824725,3.280014943663874,0.16756596728828851,0.09354922207981808
6625,4.968749818391967,0.3644574982632222,0.25600790890136704,0.03216785735344436
6626,6.920274106536989,1.2169756202437365,0.2632616348499643,0.04712441365793705
6627,5.150944052934228,0.8178694311577972,0.24665578028307056,0.040621696378117494
6628,6.483195345770666,1.695885591297168,0.2787941661113451,0.052714103900386916
6629,6.955670605937952,5.741294113600054,0.3866639735936283,0.20546846311107092
6630,5.876114122088066,1.422738827522118,0.24124459399701056,0.04864165637604871
6631,3.9207373316032763,3.7165708093665453,0.19439120837973503,0.12831613497199135
6632,5.979519648452397,1.074345942200613,0.3563286016600981,0.04402200533582659
6633,5.897539091735408,0.8455085573796427,0.2610006657767212,0.04122421233821224
6634,5.260110434432803,14.046144253192738,0.29241553693750516,0.7137834261211421
6635,5.2895194005781425,2.057729142889522,0.16871854224577135,0.07732441642099869
6636,5.517868213731096,1.577013735983236,0.23116709314422013,0.05089165944315402
6637,6.5231144572375515,1.1033584048892042,0.31052538884743214,0.04465315601364678
6638,7.270829109526173,1.5879765694194017,0.3277141737292936,0.05106328718828412
6639,6.107173916235601,12.283979827986851,0.3103302746302033,0.61635115971589
6640,6.346553874995238,0.6681021172161956,0.2912789311237363,0.038196222015778214
6641,6.202844707406604,1.7897694585108932,0.18711463147895524,0.05398040088377704
6642,5.982112833297326,8.628340768518624,0.2600476509086065,0.36806732641615675
6643,5.730867772638692,5.466111117226979,0.2873464045207768,0.19879218312642535
6644,5.1222642827267135,6.214423970375186,0.10015314274519642,0.25758666308022127
6645,6.664619349111475,10.49349160376378,0.3723683452157113,0.5056825864859634
6646,6.67068365987022,1.0265301595230805,0.2677192276628343,0.04299480675795776
6647,5.87425953671269,0.6811314636911664,0.16433361146102962,0.03849132727195323
6648,6.1902849231565975,10.233825903680058,0.2181208945504077,0.4943479006676142
6649,6.317473166861604,11.186475292160381,0.18163211961567635,0.5630489085977545
6650,6.876495888992971,11.995889875084682,0.38133136718731064,0.6024181696000269
6651,6.409089424969346,2.314498733800809,0.3662638907689639,0.08183651586981555
6652,5.652163750579549,7.5839184930364185,0.2045586363937699,0.30402549307238486
6653,5.309416256872807,5.904829143852621,0.2704186153339286,0.22059213061656976
6654,5.806921054469118,5.428209524344213,0.27681233282379386,0.1978125557355047
6655,4.851878433320009,11.411627996152935,0.14167299864887087,0.574054792929168
6656,7.167145447420006,11.24816814994522,0.3556979663477781,0.5660684969576161
6657,7.55398641697568,0.30703989888478944,0.4806122139980131,0.029796704289930143
6658,5.612937917819661,3.7157907337010987,0.35330171103844216,0.12829913701558335
6659,5.737040939569932,11.53444325658081,0.28225559499785696,0.5800424806203056
6660,4.945662967768103,4.69636745724836,0.13811701595262946,0.16175386598951086
6661,6.0215210213654915,1.4814947894730244,0.3049016846286518,0.049581272487668596
6662,5.776167096990254,0.8781736418655051,0.29722942098924005,0.04197219022521193
6663,6.169662462282248,12.518474192430075,0.28577020721784774,0.6276635630216788
6664,4.901695401308976,13.656572534365912,0.19344737101696632,0.6821940891577086
6665,6.232347643546099,9.804585337481747,0.282925646076489,0.47468392145067473
6666,5.729513911590424,3.536662782969635,0.2591906675309026,0.12513396620190112
6667,4.326341632858643,0.8460599654977369,0.2821315275104076,0.04123656987690644
6668,4.021260452566943,0.4578314942632193,0.18887235815588022,0.034136418773554146
6669,4.8682057273178145,0.5448382102277682,0.23949012818642404,0.03592761467452328
6670,5.331889327996754,1.643863733404353,0.26444915972786964,0.05192827067109136
6671,5.808843564266046,1.070697675769863,0.28557542458758756,0.04394294909159055
6672,6.61472525782991,3.272663566834788,0.24680611845447648,0.09346148635513246
6673,4.279255403517758,1.9756457702788486,0.22457202826991815,0.07563794763752563
6674,3.3999399059824147,1.7705535482844088,0.09439899426675571,0.05380577380395396
6675,4.227313656691663,17.16416272326515,0.22832719644527896,0.9204369331268297
6676,5.468729492643769,2.2006081486935516,0.3284384736286043,0.07980184704180984
6677,5.114461035379184,2.19585816471085,0.23299551969977458,0.07971244991662632
6678,6.404727973607932,3.8110596496406934,0.3027284251178128,0.1303658859029221
6679,5.291963020218951,4.993997481828788,0.27102971505151785,0.16824357946998783
6680,4.539082818491734,2.8482253951496297,0.14158434435753683,0.08904648634104373
6681,6.449415061960886,19.934598009320595,0.3293479567399807,1.1211133815578829
6682,5.125741141024268,3.6502551769317804,0.20097340989461684,0.12744102659848278
6683,6.012127290555347,2.5951944043803916,0.29645422021894346,0.08552452680697811
6684,7.813038870718234,1.9527237386488605,0.3249782335713568,0.07515446291483194
6685,6.772137774500464,1.4398772412965481,0.33092840007153995,0.04893688775907005
6686,6.6587660004526095,12.954931397043367,0.24334892597038205,0.648655656453592
6687,7.20549460044618,1.975663216162176,0.37237406375044463,0.07563831352244739
6688,5.16947515197879,0.7020402004881378,0.2690425528502622,0.038964466414554165
6689,5.347927151079856,2.776682636975939,0.17320388986766355,0.08820591574386247
6690,7.272614826637855,4.172720550927653,0.31921589456992416,0.1378750005139469
6691,5.898393863688328,4.935001803254383,0.18515164500755613,0.16699116785723847
6692,6.625817710582518,13.686409816179111,0.22258125225297412,0.6836127889461275
6693,6.395494166754541,17.216264493104738,0.2799484584591517,0.923094197236175
6694,4.753657803473353,0.8479922959068329,0.18881852287640877,0.04127991792307836
6695,5.769126768889114,5.020394899949996,0.2901681444255691,0.1687983881541922
6696,5.046819782051505,13.056212949399685,0.17324189930693754,0.6535149372598684
6697,6.625487889725393,4.760786452861985,0.2341788104211222,0.16319403544445027
6698,4.190155707870454,3.282277312338371,0.1626361813820588,0.09357618435378512
6699,4.929899644694902,4.8463651229828555,0.2229526244208629,0.16507745648711591
6700,6.308586948909748,3.623118639588166,0.20175712955613365,0.12684379181666067
6701,5.977881713456617,8.791401769170394,0.22573669318877695,0.37441037247854153
6702,7.083900276366626,12.071409944427037,0.41833954266781315,0.6060745009729215
6703,5.625432409517282,5.149648084396422,0.3147119490797036,0.19042700489273148
6704,5.484463205346796,8.301980899084947,0.11599575694243257,0.35501942199741815
6705,5.922830670421384,1.0242079653793734,0.2064333042459905,0.0429455226926463
6706,5.398298583436873,3.402411775754371,0.11122071944792958,0.09475000124810562
6707,6.046695676950505,1.1726203764490206,0.3204556395166434,0.04616429618615141
6708,7.786061844658289,1.1455945158597556,0.437950307261104,0.0455753238394761
6709,7.216281318697275,11.776517177017238,0.3240056744622776,0.5917799920271206
6710,5.608468786696286,8.662185636519814,0.25846169227679,0.3693942044934473
6711,5.919501039042292,0.8245711382222897,0.3207360772771994,0.040766456128463
6712,4.846902909944441,2.170277321953182,0.3025761225503547,0.07922723016539875
6713,7.52257295532107,2.0790680954641174,0.46888082349806376,0.07775255342541723
6714,5.064418228219713,6.536164547077328,0.16692791450435981,0.2683278960286039
6715,5.169518184484944,0.8184261478424938,0.25994337671447004,0.04063369761944068
6716,5.578973635877372,1.485492533633581,0.16762238090242246,0.049647838549815894
6717,5.886583070241658,3.8306420676097366,0.2893912920806935,0.13078838944094467
6718,5.273882177796813,7.550670924347939,0.19397997462208463,0.3027771155039654
6719,4.672871074643653,10.290990536689213,0.14076398789250763,0.49693051162825724
6720,5.795127679776189,1.1484953055990386,0.17110896577782408,0.04563862743411193
6721,5.451145728480116,1.062649749400775,0.25679463933177693,0.04376887643167976
6722,7.435871261923306,15.926030858933663,0.4025976026375779,0.8115209028526696
6723,7.402650615644035,3.566432466074312,0.3784925036769112,0.12575945678174746
6724,4.077730544679848,2.2604144170939215,0.20933548253600012,0.0808661073518323
6725,4.7511706575407455,3.9171566831324953,0.16812732471674105,0.13264528990908117
6726,6.372000857753581,15.80262670340605,0.32098117183592045,0.8001172552854948
6727,5.327658062240407,2.9526047615047575,0.19075758772214876,0.09045443670926104
6728,6.921265575374312,8.973059958936837,0.1944180074101437,0.37942584274561275
6729,4.493905746400173,1.0357060542026584,0.2418618745658764,0.04319015866572784
6730,4.946728224908824,21.516451534323735,0.2555137566610573,1.2262174291337766
6731,4.212540501374878,12.822562663189839,0.20219784779852934,0.6422971812208194
6732,4.459665968734812,1.6071637749277092,0.1567357924107344,0.05136140640869015
6733,3.65816636582449,0.6132091316354628,0.16200827253455438,0.03749975695415582
6734,4.55796321952075,1.1926044710702306,0.209788901370175,0.0465981966861046
6735,4.698473931198527,5.084251745671966,0.25685976156270357,0.16980966036315795
6736,7.93188027418052,16.456523202753154,0.32237003354143845,0.8373615494578088
6737,6.5138412586153835,12.29091575120536,0.2927697141592245,0.6166861173539547
6738,6.296629396731461,1.5716426584879208,0.3117984461693113,0.05080722939219759
6739,6.079464898457755,10.846146342248453,0.25855267023501166,0.5390087209380975
6740,5.509141056790924,5.7585470159196355,0.3195301420207502,0.21422585403805314
6741,6.941236203874484,2.1177812645723155,0.24833546930739955,0.07821201863270874
6742,5.884503450638131,0.4388310835099917,0.23321996853473656,0.033524863757236074
6743,5.550663315183156,10.011597826918639,0.20680496030428105,0.4842307475910515
6744,5.89659665397454,6.120708622450324,0.33905366794985276,0.22663527493465555
6745,5.96838878916773,2.9277512773619825,0.15799606554802215,0.09012443417690064
6746,4.56737873919367,7.608596391421236,0.23389027725846218,0.3049516283820409
6747,4.315887247049733,5.528976821999762,0.10605927963403497,0.2001412262703607
6748,5.351854615940139,12.77339480361271,0.1970422224232984,0.6399334450643444
6749,6.7841112795624126,1.198359035472754,0.2693229870430684,0.046722789094944955
6750,4.254125418795728,1.5982093633636918,0.1838708241664128,0.05122263673742702
6751,7.385838983671884,0.623262723629404,0.33282369289712127,0.03774026483123545
6752,7.645599871789395,13.08963779080594,0.28044705170323764,0.6551174190771438
6753,5.2027577841985515,7.163473764180084,0.2698634753395269,0.2882268332274926
6754,6.6420960885718126,2.395156435769646,0.2659168663111277,0.08323493882307648
6755,5.657932209649132,3.5869518651689876,0.30398283667754983,0.12621469026423435
6756,5.130729819148081,16.715243567750615,0.11858901004736155,0.8498259031103439
6757,5.255434431445932,2.6742371546922463,0.3206123947881157,0.08671967667517963
6758,5.676556420617492,17.146292644802816,0.23720833965111926,0.9195249042517653
6759,5.784531765292955,4.561162562149658,0.153413383701083,0.15867172818267086
6760,5.522619547926685,1.4864561254827948,0.14736444059043105,0.04966386400154993
6761,4.2290009358880285,0.6339044214165,0.11064198074134975,0.03799711198178034
6762,5.221612565769998,12.731434375517665,0.32203121522430056,0.6379158197157705
6763,7.3401382531667165,2.1762726914836334,0.34344083236051465,0.07934152435537722
6764,5.652318690033484,12.92937254529431,0.2773950216678798,0.6474285746195302
6765,5.95170430796852,3.904861679132971,0.3216789740962221,0.13238237868687322
6766,5.531250929074678,5.289161762461677,0.1580612184337899,0.19416706997696528
6767,5.56678539126262,0.7249532216471849,0.18914174128243263,0.039296660896864434
6768,4.877773557409557,2.919126578439299,0.24155516045385775,0.09000916376542892
6769,6.494056721311009,0.33457335494261375,0.2940897572415816,0.03081013404043955
6770,4.591696468706393,5.932756172876156,0.22180099668417805,0.2214075564799752
6771,6.043899902172699,15.98783922499305,0.2910244942463151,0.814551296352705
6772,6.261118902375217,1.9751170935708688,0.3666252114725182,0.07562685842190021
6773,5.297471090946593,0.4259649116788457,0.2448757958729618,0.033102932727007234
6774,6.18610657574972,2.3311614446557427,0.2767114465753539,0.08213012623722304
6775,6.826189263247882,13.044814606685813,0.32626876190580484,0.6529683329304712
6776,5.425878739016155,0.8469696971049839,0.29930641135870933,0.04125696959953838
6777,4.321915285297088,4.847342281487582,0.23032518527229331,0.16509876115466046
6778,5.632051264930042,2.435235295178874,0.17955373349491557,0.08390904149669706
6779,3.821200623846667,9.28568560655861,0.15292776836588945,0.3909443408249859
6780,4.894529133164849,0.8184923728855933,0.20665437471875028,0.04063512552938385
6781,5.895832140923969,0.7825354608462863,0.26978539096259563,0.04030210764865101
6782,5.977691631856867,2.0404393265105867,0.35024398467574364,0.07697498211004347
6783,7.476692932588793,3.2438610731803172,0.4270609871429388,0.09311645187408482
6784,8.294051733174793,3.9829304225192876,0.34970476423897817,0.13398244762109635
6785,7.280174864902762,17.451246021740918,0.4378923068829897,0.9350458376165088
6786,6.098609462682349,5.5281331450761995,0.2926564753419975,0.20011970349501992
6787,4.62663021341449,4.245990728951571,0.17321747766645376,0.13929744684061343
6788,6.140685547970192,2.196563105518121,0.26468538910764533,0.07972573108062744
6789,6.2838940832739825,1.94913371494965,0.27285020731151577,0.07507824159136854
6790,5.974381431070348,19.28979852045192,0.15502565764719808,1.0859842418463845
6791,4.06979000492307,1.80184791393395,0.09995412378833587,0.05415006544330035
6792,4.9266831833288265,0.711493726512377,0.20978926455674787,0.03917870688542461
6793,5.214844180071419,9.126445222952086,0.23650653992176784,0.38514017185602956
6794,1.8748681634747284,0.7260279186532131,0.05790599658117074,0.03932044227881589
6795,6.072735303220675,1.6897216944968176,0.18633204309797227,0.052622135103017637
6796,7.076915846891985,1.5368314224264101,0.27838846693985597,0.05040103724189372
6797,5.343576910864761,1.7111146397814507,0.2979257466894513,0.052940016949643794
6798,6.68290301413778,1.419797849617424,0.28942045102286673,0.048590755818722776
6799,7.29297667357434,9.516584155113094,0.38355781277672546,0.44386208180391346
6800,4.9144160542655495,1.0848485013298448,0.2005710426206518,0.044250032193406695
6801,6.4373791133524625,2.915876997447565,0.2895455099811012,0.08996563061213433
6802,5.894146355010484,3.764137125201452,0.34544086479756686,0.12935027524396153
6803,6.293364084353547,7.308762191888211,0.2990128885622116,0.2936838382748392
6804,5.247603137317153,1.2305658775122403,0.24923898742403913,0.04741614732205661
6805,5.970605306645276,5.350345996831854,0.303774475311606,0.19578122065399092
6806,5.563432179525486,2.419841350630452,0.3309714614406743,0.08365163963939704
6807,3.9287327026229937,1.575341792481657,0.19071496271144764,0.05086540174027045
6808,5.852599115449934,0.5319615415754321,0.3086417115878192,0.03559016528911072
6809,5.7898321664205765,17.093241027147872,0.22240882146812255,0.9168154078245867
6810,6.617829062936882,1.741568362917219,0.27359315629433817,0.0533869855115158
6811,6.104071860622977,2.672589992794927,0.1595644165965834,0.08669521518140069
6812,4.483725183586823,0.4635754299090884,0.18728396985676019,0.034317755561011534
6813,5.144645298313585,8.452154636224481,0.21924812471764982,0.3610781872371947
6814,4.748865921542409,3.014322369302727,0.23609390635984895,0.09126153784022195
6815,5.4813501577995725,10.650565527472121,0.26979122536702477,0.5126705427131939
6816,7.575466297198638,3.929643657249443,0.34263134459985134,0.1329119664149754
6817,5.491253858928339,0.5909564710222867,0.3755467323443285,0.03709714577142008
6818,5.047632717825489,13.518533494030624,0.1937330715587782,0.6756215319334716
6819,5.121385074934145,5.312404862188384,0.23082434989502365,0.1947821345536145
6820,5.19131412133961,1.4461176332596972,0.17727453529194193,0.049043798479547235
6821,6.552846716624475,6.205863957752297,0.20405957444103703,0.2572687530669327
6822,6.583573699408746,1.156688606541745,0.4174115348902282,0.04581733361458057
6823,5.056700388105172,11.136477786194657,0.20158610473624153,0.5605994646241236
6824,3.8486527761064866,8.442709199006005,0.23958978216804092,0.36069976596652825
6825,5.557563817949606,2.8299354584947545,0.24741315588089374,0.08879379929409784
6826,5.501354218850844,8.15308345394318,0.2550040765533447,0.3489313178598245
6827,4.895693234771028,6.748722141914835,0.14765456064971044,0.2732546648454412
6828,6.865592111650742,1.6582361359401538,0.34947591083332913,0.052147550255166035
6829,4.088403624506882,2.027387250512793,0.15961807806653014,0.07670915271297465
6830,5.452198433366298,6.784728255221082,0.2892307143484731,0.2745944057784005
6831,5.485901280251957,9.928325651524897,0.12297074408296596,0.4804055606457667
6832,5.712045466722704,8.22148992232066,0.1610205496702341,0.35173753591717033
6833,8.356358745777996,3.67826276894778,0.5176621625259562,0.12805584908997045
6834,6.392997364832342,14.555476468739988,0.3351480574379316,0.7392396127016964
6835,6.977933156228396,9.769640828005903,0.3029012966577293,0.4730596228682398
6836,6.501778332568774,0.333037259545143,0.4166660386766219,0.030745959340969273
6837,4.791497358535385,5.7704805614342645,0.24662936254722082,0.2145660601664168
6838,4.838762991949879,14.462444057826996,0.27823155048232845,0.7346027751110479
6839,6.691919927324103,2.88518548833011,0.25969329781122996,0.0895516705943636
6840,5.555937801061999,2.684973474886346,0.2930685168989124,0.0868786676379256
6841,6.303477021079823,0.5991918462694334,0.3447750765632462,0.03730184430417411
6842,6.121461215865938,0.5937279927136513,0.41201016519134676,0.037166163659681936
6843,6.973354392987607,1.5799437404172325,0.3272872903434226,0.05093762205507247
6844,5.418577186566868,14.434934148146098,0.18906532858645844,0.733230423461224
6845,4.852749608537895,3.813949127920616,0.19130635210849678,0.13042827847310026
6846,4.754960519325235,4.356903390791909,0.3103363168039364,0.1415497963954889
6847,6.792074188059878,11.913226945226551,0.3165590899822957,0.598412627434262
6848,5.7410832494011075,0.8465147175479502,0.25402133188219755,0.04124676534105472
6849,7.932752033820548,7.310226545945389,0.38923148658271706,0.29373888218440736
6850,6.251057173129948,7.179479815399952,0.31210861347315244,0.2888274791329219
6851,5.404721449717983,4.749518086349265,0.30170161917379196,0.16294348567659028
6852,5.78577172885374,4.952672696818238,0.22237342632307625,0.16736810273189598
6853,6.4958980535844075,2.6284961635811332,0.28929037376155214,0.08603343532056901
6854,4.505597999293016,4.721545177633952,0.27402751158183375,0.1623189936477683
6855,6.187244033346258,11.260823389722562,0.23521352290132938,0.566687537177354
6856,4.98473631584995,3.5387482311302927,0.23848212283593548,0.12518045810404357
6857,6.116725716284621,6.333592200701189,0.137308334232335,0.2620193775349386
6858,6.315328243541918,10.5991635383546,0.2593881613468196,0.5103892409429417
6859,5.258244437292771,10.35484416955778,0.30008856805479783,0.49980635790160993
6860,6.31331620347425,1.1585362982192047,0.3233055054519985,0.04585761157253679
6861,6.176834509094826,0.3274462817071282,0.3476161288333058,0.030517103250948037
6862,6.175764088848342,0.8289832833740544,0.293107574297313,0.040862116650543
6863,5.457404244555366,1.835842465528215,0.22302679435506237,0.07260332487606284
6864,5.444834705593756,0.3549846824672363,0.23513469352715635,0.03171401474432765
6865,5.547417301339682,5.0071769064190175,0.35915945710207187,0.16852101080035956
6866,5.950467876079135,0.5314364383668412,0.30482031889415173,0.03557628011252141
6867,6.717723184102813,7.062958648899415,0.2543313424668615,0.28445911874431523
6868,3.9672489491468887,13.876213912571394,0.25316626751152704,0.6905918089703016
6869,6.49552110475808,17.400339977547226,0.2610906904460321,0.9324610670996901
6870,5.081470259133565,3.0768520898532317,0.12303214041803702,0.09206172426995493
6871,4.877841927128356,11.147507571896456,0.22572267941313226,0.5611400080896488
6872,5.288671554725146,6.246774329276772,0.22119382552743105,0.2587886875436712
6873,5.717670168840032,11.976985717101435,0.2731287537555484,0.6015024606422137
6874,6.542985316340949,1.2210724348737716,0.34776336282856274,0.047212489485671555
6875,6.356191735868516,7.325147731626709,0.19788196578900116,0.294299787712296
6876,7.203599982676806,0.5194947311966093,0.3117941763231469,0.035257714566036005
6877,6.489648494420206,14.298913373802614,0.24596993306624673,0.7264372536397746
6878,6.290713104710213,0.40560987496952966,0.272675744090846,0.03242713234602215
6879,7.189362953182015,12.131377578812955,0.32987764200912123,0.6089758241981489
6880,4.512556862336768,1.8827890536396965,0.1773607213070429,0.07364529825958485
6881,6.27819001070147,3.960619830918043,0.3376605100179572,0.1335720082401161
6882,6.0783310525624765,6.027954037436934,0.2721463932548876,0.2241810272371432
6883,5.770854112872003,2.761094491175347,0.2909776170925068,0.08798410696254827
6884,5.92636252183263,6.9785830430844635,0.24125902545804956,0.2813031028192725
6885,7.2697112792004,3.0239349934230613,0.29645837237757666,0.09138561316682586
6886,5.910638948122236,15.117235984864537,0.36993765423638947,0.7670773170155732
6887,6.729749238299179,12.179831666529205,0.26451788541470983,0.6113188266820916
6888,4.798401317575281,5.037493973443241,0.13123284002745458,0.169155921552051
6889,5.948791834735352,0.8938037005677935,0.2858140758870206,0.042338843200627835
6890,5.5910565627631295,7.194097606268036,0.2447630380810951,0.2893761678073338
6891,6.17915847893409,9.511495242616427,0.24596822304442262,0.4436358018574066
6892,6.630777301831386,5.413575384653282,0.26981717817318585,0.19743271432000856
6893,7.153848085784007,5.893983586003598,0.3325131308586076,0.22027520531468095
6894,5.543721023919506,0.34978586143144746,0.31720013291800214,0.031474464353222556
6895,6.384257595554693,0.6824399378537024,0.22569285914155482,0.0385209374095315
6896,7.084400524500481,4.321220394419628,0.326110407218905,0.14082918396257396
6897,4.421986892407216,1.6490354572086716,0.14136114993946974,0.05200736040580693
6898,4.958407381586114,0.6723449311670257,0.17197941823018084,0.03829238490454486
6899,6.480899650990794,2.0591341565172745,0.3618285301185825,0.07735267730856198
6900,5.970272605557196,1.8724881051825246,0.24614873061891315,0.07341866860082746
6901,5.038781405479697,2.6581172900893537,0.2507392447172954,0.08647948803155547
6902,6.06789067971622,10.804192686907772,0.26550220910228456,0.5194581554172818
6903,6.457061213247594,0.5630793742408741,0.3062985905039315,0.03639649464507723
6904,5.770671702162052,0.6744476733452159,0.32459659121368206,0.03834001609066165
6905,5.8418222966335795,1.125104018419794,0.2379588408171355,0.045127875884279356
6906,5.357368653040144,1.0277364989229332,0.249422209600308,0.043020434045031
6907,5.173067254874659,10.889910466224325,0.21914202367380048,0.5410895858715169
6908,4.919417926393727,1.1993380754981857,0.2458593543538889,0.04674396589494067
6909,6.05266528706133,2.282217432947946,0.33822302618864913,0.08126053947454959
6910,6.079580011572479,3.797537825401949,0.342237703854866,0.13007367900424907
6911,5.478909800184714,10.468972365215407,0.210952907001172,0.5045871857205569
6912,4.964034031945924,5.517845810521846,0.12378824458969948,0.1998570344319705
6913,5.480143492341103,2.9760187184124365,0.3354318006048623,0.09076275874095405
6914,7.562875576459336,3.0353058383830738,0.3738457066947361,0.09153182854909442
6915,5.122549934087557,0.8478417758232925,0.1990318271371561,0.04127653889676413
6916,5.7883050871105075,3.3265216790886596,0.24771216498098528,0.09386649436508493
6917,5.915401093815728,9.003278689883906,0.3704678985005237,0.38056121870653115
6918,4.789940607102955,6.492378466638939,0.1628690099436179,0.2666960427610034
6919,5.766695497425057,1.5988335893673895,0.24532682781788526,0.05123233093340577
6920,5.359751918468329,1.0343058890310763,0.22553286205587872,0.043160287872073454
6921,5.682900964048722,18.43693991383953,0.2686923681894598,1.0123863780993378
6922,5.654806194672491,8.570201201470784,0.2547204655186436,0.3657758969702443
6923,5.726578574472506,1.8376618270720098,0.23848675142870343,0.0726441416705515
6924,5.611143878477425,5.414137299394951,0.3060273698352003,0.1974473157988805
6925,6.771497837994991,8.421809789828215,0.2745189197875882,0.3598611635634287
6926,4.8268392298111005,5.130401419202764,0.17556997460035176,0.189904575536509
6927,7.184587081433539,0.5580519045942446,0.3721346662382449,0.03626825087189063
6928,4.96965798948775,9.282614186720878,0.19447557417837197,0.39083361529305066
6929,6.436998012765393,0.5976908110601998,0.29795923157360654,0.03726461844069042
6930,6.610079464550126,0.3309114825688851,0.3297194788987519,0.03065798124031756
6931,5.558121012186288,1.98741062269604,0.18205909317963723,0.07588396487351083
6932,6.03559074022397,0.6872644695430677,0.28843227533359683,0.03863009583794437
6933,5.878659871641715,1.1783530191028126,0.2095594720937653,0.046288930923261404
6934,5.120316508818621,1.022152381522715,0.28566971970284066,0.04290195048692763
6935,8.04730550899913,0.6097338571128574,0.39600781614388675,0.03741675364172234
6936,5.003029516179831,1.9520539713678666,0.11101095564884794,0.07514025305220139
6937,4.751360769942418,0.7415910690105658,0.24751293124503607,0.03966569397555662
6938,5.7917445632874545,3.7484494220248314,0.34380411199718414,0.1290097174393554
6939,4.451426526046722,10.482145719317419,0.11086907297155611,0.5051758649325874
6940,4.562655881655039,6.090438509273397,0.12172066628744818,0.22575691825706895
6941,7.408706347113484,4.156830836711413,0.30898656777167843,0.1375457838403771
6942,5.686217447188756,18.680061701866528,0.23979768545515026,1.0525063104090542
6943,5.937569060387666,3.8395478169164474,0.21313564684977085,0.13098027193730674
6944,5.344969798616993,16.163304452910555,0.1735961220812812,0.8231260285982097
6945,5.828927099792884,3.4299117378949933,0.3036810971199293,0.09506582314774992
6946,6.05831600856198,2.556353768328233,0.2998918974582055,0.08492080744303232
6947,5.453089474366901,1.1652205582195112,0.20830420843779565,0.04600324161901883
6948,4.702776853066923,2.0305283106080836,0.2623519017320031,0.07677328701170466
6949,5.6974951871471715,1.1048560867185397,0.26849034741408506,0.04468582439834166
6950,6.376258521350988,9.954131350165625,0.23532637604074713,0.48159307802036955
6951,6.414266288259724,3.5647579890674366,0.2769105505686875,0.12572226890553045
6952,6.63278375159883,1.1796914127021008,0.288399244187213,0.04631801112433444
6953,5.596417637146083,6.108735182348995,0.18579511638246812,0.22628790212921748
6954,6.885031103642228,15.913299860771868,0.39646774536831925,0.8108960871378658
6955,5.945436902959662,6.220930066280149,0.27115226987785757,0.25782833377809516
6956,5.401482252272105,2.307213042071521,0.1807725974368046,0.08170735004370229
6957,5.877815715949451,4.306295390160028,0.2803780714234523,0.1405266272197522
6958,6.162888803071123,7.325783938091502,0.3335800826100973,0.2943237046156358
6959,3.6238421226748634,0.5183188413540395,0.11458503750318305,0.03522604759277835
6960,5.3656359495331865,2.855623286144231,0.2605614787227067,0.08914814566163395
6961,4.779971939659455,1.7424920832246305,0.2595548530521161,0.05340043432260978
6962,5.168764270576282,1.8829459249700413,0.23557771320604054,0.0736487409560013
6963,7.496669201442822,6.55533634940656,0.2119896556565621,0.2690431371918947
6964,6.3811779866634835,2.768825012253942,0.2126943112378566,0.08809429567008562
6965,4.435432852307883,5.216096727900454,0.23337465482543215,0.19221865426057919
6966,6.446448265099063,1.6910974278569344,0.35030991651894583,0.05264268841896959
6967,6.179398206530249,0.5469107933343093,0.36679853741558666,0.035981405090223906
6968,3.7402184642168526,14.71372439955748,0.17644420430753158,0.7471110477299515
6969,7.200943024913301,4.409928439960685,0.30120032217146653,0.1426132811788335
6970,7.454323500965244,9.534440257170711,0.3520820866269381,0.44465534991399175
6971,4.83699550204286,2.7685215100717886,0.13661622657352193,0.08808997665260644
6972,5.592545250791252,17.680729647232113,0.20784999480041164,0.9466692874491714
6973,5.998785000809227,13.668972920201144,0.22352452096918599,0.6827837892034541
6974,3.5462246600152425,8.35540656115504,0.12968398268621284,0.35718491607965086
6975,5.785292885985377,7.500907116362685,0.29682637178027077,0.30090749986717397
6976,3.3414294750684217,0.7032794889587227,0.1761350933241555,0.03899253156690344
6977,6.600892989372258,13.39874587731056,0.32657410625387473,0.6699066690131732
6978,6.423850766902018,4.0731098618729975,0.2720496402109009,0.1358003558740148
6979,4.814892672207271,10.727481824990114,0.1055669976984882,0.5160745353092643
6980,5.767666988570498,0.3335651559709969,0.21058235466602707,0.030767956276487353
6981,4.6686061973218,13.849545345663486,0.2540428880719715,0.6893303942868104
6982,5.565010089323519,1.2690674517870808,0.2099626663003814,0.04790304026201215
6983,4.04571965632073,2.8293134047263826,0.19308090651688883,0.08878517102950509
6984,4.6227879800104,1.2858287738657947,0.2886913468785533,0.04824677564381838
6985,6.376499545589356,0.6653512398142768,0.30257050634266036,0.03813382754331565
6986,4.122704022270704,12.189385505125443,0.21782959381885977,0.6117806708523595
6987,7.445602545878617,0.7570120970191528,0.477584346626202,0.04000991641778369
6988,5.147048701757439,8.912175047889892,0.27081335710324667,0.37712412353142494
6989,4.623412625090196,1.8029265662732974,0.22375279349571311,0.05416516274063393
6990,6.911016740209818,5.732043484278434,0.26382449721272927,0.20523994476214755
6991,4.96744841470507,11.712625584288883,0.2723249800133549,0.5886765304599346
6992,4.909769601244908,5.73767184802987,0.20423428019942222,0.20537901987326662
6993,4.806924690259515,10.46851889799711,0.22628169689153274,0.5045669150375661
6994,4.830829917968132,6.286584807776057,0.22848388652217308,0.26026920776157
6995,6.611752139157172,19.22286018813888,0.38045940273609125,1.0822947999364272
6996,7.602411034559849,8.557293305546088,0.2719243094680589,0.3652651529559286
6997,7.3405767653796214,3.2423760109173525,0.4908493518271432,0.09309854774298462
6998,4.687543709289038,10.836587215285821,0.24835591557939088,0.5385538725274607
6999,5.003384697030347,7.1457485152726905,0.17473059703402163,0.2875618696546901
7000,7.192068457795364,7.148935528604542,0.4035396199950677,0.2876814147650221
7001,4.777215082426226,9.846999804038834,0.203865079399741,0.4766503398553053
7002,4.1553067544584605,4.8101170850349,0.21163390778936916,0.1642839298838186
7003,4.7704385318198765,1.759371855335717,0.26197547741827,0.053645002360769786
7004,4.812604459433573,12.562787672608845,0.30786453792124296,0.629798558799218
7005,7.808027355521879,4.480438652066661,0.39423404196706685,0.14368123059720708
7006,5.262288634065556,4.2840296132459725,0.23217224344023848,0.14007402479839537
7007,3.1454950065416845,0.44591928184203006,0.08826886146686569,0.03375503761680597
7008,5.838227030727108,12.427877683843416,0.29090063070743777,0.6232959603347379
7009,4.171849333244083,11.7908171671312,0.20851504509078908,0.5924742687564234
7010,7.2712647594020705,2.667318094179073,0.2857524203851621,0.08661679949256502
7011,7.291032709455232,18.122955762579302,0.3515740637620325,0.9689476266851836
7012,4.6470806846038135,11.555255079607619,0.25596875212007325,0.5810561077545674
7013,4.382824736082431,6.610631124092716,0.1965750478116868,0.2711085552488744
7014,7.120558419392499,0.5624385743323749,0.3851357493345579,0.03638018785789873
7015,5.405534469491126,2.0526765531458895,0.16279166347809637,0.07722261951581398
7016,5.832699602800549,2.3447426022410034,0.23265392526476567,0.08236760084841901
7017,5.746276356543579,2.4537713221114803,0.22688725012304747,0.08421637961370684
7018,6.595655035678546,3.5189466834622585,0.21267890190321828,0.12498097490146978
7019,7.071820665724112,9.766151272456662,0.25877009802674406,0.47289720922314465
7020,4.855453077542115,9.30640969235515,0.20588621914574837,0.3916902060790612
7021,5.042091095180411,17.14943803339152,0.14291547089794923,0.9196854578267399
7022,6.695809292801005,12.49902111926136,0.2986084488617077,0.6267260502708225
7023,6.757763367405987,1.459936941573332,0.2848605615656918,0.049279436330415816
7024,5.73851704901197,12.257866187008723,0.18737529377902445,0.6150898505173331
7025,4.290130009925677,5.5642817784211855,0.15434668501210372,0.20103930653461652
7026,4.337618716721843,3.0612169555904596,0.2583461536577291,0.0918631450777596
7027,5.601029294952046,12.57459389244278,0.24854729143860474,0.6303672276729587
7028,4.745457145533322,1.0332535431594718,0.18199211752259997,0.043137851778968575
7029,5.987969121660412,4.842829655906049,0.30198439520847026,0.1650003356034546
7030,5.3671917933532445,5.2621910674046335,0.16413703026844598,0.19345048817739258
7031,6.140658800137235,15.541041470980929,0.31667209935966084,0.7878533313754917
7032,6.835865072129257,0.33859853169761545,0.3618612485282834,0.03098075164605204
7033,4.241786496085433,2.638672841173009,0.2652225829864256,0.08618737463356134
7034,6.5770387498890495,8.593062676142619,0.3234387156084035,0.3666786797081094
7035,8.351630427385258,10.248193184617167,0.2994621272436527,0.49499772061480424
7036,5.507977376569337,7.349349928403656,0.19234107073575524,0.2952096742423531
7037,5.766031538156744,5.056768697203441,0.2538484436242955,0.16955720378720526
7038,6.547159507599823,6.588344546678678,0.2345246532111002,0.27027563158078927
7039,5.482039579856962,2.0402512963513035,0.25604800576996173,0.07697116502066928
7040,4.3647900128501345,9.749234383728528,0.21572909050107889,0.45175988978713827
7041,5.194198324061683,2.2765948866534917,0.24190955338420225,0.08115924428230739
7042,8.27626981205247,2.4204735540119544,0.2176149245533183,0.08366224396570018
7043,6.598507222079597,1.8566153469482105,0.27021515572019833,0.07306727542393845
7044,4.965982389182556,1.935272584743816,0.21516551935122583,0.07478268151577984
7045,6.276452097438054,5.868107336750835,0.3398125825978392,0.21733886228576108
7046,4.312251761263312,5.686458848841774,0.26953056087910326,0.20410921372143193
7047,4.521037289710438,4.750951829243456,0.2759245435848519,0.16297539718377266
7048,6.495539166498674,4.314419953543331,0.262534240257471,0.140691409843989
7049,4.021147645293079,6.225159155214388,0.16382393996051853,0.25798544373823223
7050,8.060896629829669,2.703724384566322,0.33803612537615346,0.08715448716436064
7051,4.799217658684715,5.231310430268375,0.3263407202690456,0.19262622641955587
7052,4.376237014748468,11.308348097359353,0.15294804812836818,0.5690111232125237
7053,4.194689322764696,1.531109583975128,0.13549506726783142,0.05030847667506264
7054,5.36253930172174,9.967436239093944,0.23946967143478406,0.4822045913094552
7055,7.321149724148527,9.623894103426535,0.2290545882851386,0.4462667794761282
7056,4.928633636206551,5.303451891788423,0.17735804558459217,0.19454549044026648
7057,4.925872951825896,4.8921865281222265,0.25780710858659966,0.16607153276142206
7058,4.089137753042144,1.61221068453241,0.12140983581932177,0.051439677606823817
7059,6.336348468530441,6.899511038311453,0.2713160096412943,0.27835200753591866
7060,5.623146578836541,15.207784214319762,0.1809578744359809,0.7715342176321451
7061,5.646681203435653,16.518645844299886,0.20691399087938442,0.8403625744848954
7062,5.930515557417619,15.49499297185938,0.378749616160285,0.7856066502450618
7063,5.353008527404473,3.027687084966337,0.212790354067963,0.0914339265687163
7064,6.322625061641933,3.297216447614682,0.21768054903217315,0.09375377898210505
7065,5.31784452818647,0.754985301808236,0.29089681967765846,0.03996452750587086
7066,5.6451851028050415,6.4369628181903265,0.240355654258874,0.264634017403776
7067,5.905039892776076,8.58753915433524,0.19840598523285538,0.3664607669892422
7068,5.924874111836098,1.561765086489026,0.2897561845825734,0.050715523107046113
7069,5.014325299994223,2.379430878370269,0.2193982867292898,0.0829667625414125
7070,6.300215434618071,13.517428863251384,0.2399607705090176,0.6755688783713826
7071,6.612234041567577,2.721052759207764,0.28338170362844767,0.08740731204377976
7072,7.480028694572351,2.604953732693303,0.41996975463496333,0.08567449339952195
7073,5.791193911882052,3.056684463771706,0.2796015241628291,0.09180537718069606
7074,6.738802451369594,6.1122993903488565,0.3248662533558099,0.22639131514861743
7075,7.317231630609708,17.239435003326726,0.32613014689171854,0.9242750570969087
7076,3.663829322577794,11.985928339598477,0.19248444615543986,0.601935660424142
7077,6.778911419240583,1.9927900798340408,0.34064819538336494,0.07599597450733513
7078,6.739024809727298,1.0781492891751716,0.3423450459417533,0.04410451005569031
7079,4.680704650747413,7.952619954782511,0.09782890449081195,0.3406296585986479
7080,4.215721081451346,0.8366375415829083,0.19045690627837028,0.04102877680432513
7081,6.4028120193260785,4.9548922500250665,0.29970431842869133,0.1674153389500687
7082,7.030184058313865,11.666860841339854,0.2832090658787398,0.5864520471531021
7083,4.612848486820616,16.041705833347166,0.19011019798378434,0.8171881551779873
7084,7.031345997320999,5.597824399101476,0.2568782398249336,0.2018879399065094
7085,6.328881029776879,1.9274132449899841,0.2720574539027472,0.07461420151171547
7086,3.9011471488420106,4.006543374455445,0.09401615171360092,0.13448263841939628
7087,5.00876433753767,7.526109847821405,0.19026781799117512,0.3018545026910122
7088,6.168788660918888,2.3612368154774406,0.2577936441643249,0.0826538158950601
7089,4.290205434348291,12.042117982050565,0.10237950528075185,0.6046566633243305
7090,5.755356671058094,1.1881187407107756,0.29243122096092206,0.046500949361083205
7091,5.825186276611094,8.160739973904708,0.2500251817791487,0.3492461470609616
7092,6.4099499016980745,7.533242768381425,0.2045702955902232,0.3021224746948901
7093,6.345533991941046,12.531240169310605,0.3306723944414309,0.628278709374059
7094,6.104859373142506,13.183836694267939,0.25110353431619437,0.6596303048723416
7095,6.155355304822138,2.0596780131026704,0.19628468993002626,0.07736361117339
7096,5.93730675537462,1.7956964507383666,0.27753847714164537,0.05406379655283936
7097,5.868171164341902,0.6903496549156112,0.30731144399666727,0.03869989404944674
7098,7.5686226613422365,1.9381913511786886,0.2815071193760543,0.07484508575384657
7099,4.743287312253103,3.5177379239058992,0.22558108945157462,0.1249539020457337
7100,5.649739867603817,2.023035094778814,0.22624765658233095,0.07662012145494632
7101,6.8239700448277,0.4489809063922207,0.3550863278266538,0.03385372695085969
7102,4.424256906744344,2.2808332566356837,0.18321231424332698,0.08123562932678222
7103,3.2460347181674116,13.566679805975834,0.14249089669676593,0.6779156092600793
7104,5.296760633260894,2.851846137557528,0.29099515079149363,0.0890962804305972
7105,4.79152482119547,8.029601024600051,0.2549587470508368,0.3438301663287344
7106,5.884252008139625,2.583994809646741,0.25349413658950004,0.08535157285886778
7107,4.900996957875699,1.2822096171165052,0.17387302520739226,0.04817273959518503
7108,6.658560524303222,10.517004953697,0.32461808398236286,0.5067318645820197
7109,5.4009786207029755,3.803597168281052,0.18704845343053456,0.13020466830054453
7110,6.7711569393409485,0.3261735737989971,0.36808570617009156,0.030469957789889625
7111,5.384213598494267,3.3590402350365163,0.248875108865246,0.09424730002445711
7112,4.981145053992472,1.6159690407019167,0.2921631526951833,0.0514980991116862
7113,6.715755092221677,11.743566165060383,0.32820060864271844,0.5901797368162626
7114,7.188663409716287,2.8586134982006297,0.3077529204832247,0.08918914762547736
7115,6.273980332314132,5.829154769945515,0.2950633720911846,0.21623466664953708
7116,6.606087693627793,2.340249885496682,0.26523639080396716,0.08228922459345159
7117,5.323129187722315,2.273146710205291,0.2631783952355009,0.08109697801682159
7118,6.067528437962719,12.322392078261208,0.3933481216879631,0.6182059314581058
7119,5.129820571390343,9.947282274907367,0.12037709735237248,0.4812780867027107
7120,6.914930734835289,13.924851545623813,0.20758865010554103,0.7076997134525865
7121,5.5842945057918945,1.9132786161434827,0.30496220608232044,0.07430956642496964
7122,5.024198079811168,14.87104033566642,0.2468868410339077,0.7549143648207741
7123,6.4867396815996,2.657741749915498,0.24247913746067742,0.08647387115098934
7124,6.432454889473419,2.3903236598341993,0.28065916021739196,0.08315274949674877
7125,4.045728120649052,14.530694049774358,0.15038104294496937,0.738005071769016
7126,6.235752088977128,6.735576998986498,0.33086512782229077,0.27276594579711927
7127,6.736062002742001,0.874299030005132,0.46255159856323974,0.041882059747424455
7128,6.429680181414215,2.575421950967319,0.3174979365918465,0.08521856049543003
7129,5.172420436367301,2.3247224704761247,0.11143258521537182,0.08201696185887981
7130,6.810089108112646,1.8285980737503056,0.2072613750730638,0.054521860995954276
7131,6.105243820507488,8.34216285925473,0.389227675096566,0.3566491038039054
7132,6.072540519788455,0.41357373802974184,0.2587133646564203,0.03269278802470792
7133,5.460406797383535,2.2852949888734773,0.3248913388680246,0.08131586115875322
7134,5.181885645279251,2.87447916646561,0.17812699526674655,0.08940605436519611
7135,5.143796787658349,2.633313614820644,0.24134989243879099,0.08610639842725576
7136,6.680253580406751,2.651346885170406,0.26095790478633224,0.0863780747431509
7137,5.7285947795600665,7.282900968098151,0.19248152500310925,0.2927118369018019
7138,6.387025427628014,2.1253697990608775,0.30605956368063186,0.07835994211325846
7139,6.0342807266040195,6.393691486064195,0.12906306769643772,0.26426039723704203
7140,5.424394406687683,9.749115692362949,0.23170076440261322,0.451754711947892
7141,4.418383863488093,1.9282456977730182,0.18730569376175343,0.07463207743872155
7142,5.527973351131458,4.554972669798764,0.1846160883812591,0.15852878212510213
7143,5.908793249077736,0.40763249474602675,0.2946879141348702,0.032494715045185474
7144,6.554852424366175,1.85005635876078,0.2910178323162575,0.07292128146032949
7145,5.757031057774854,2.8515123021349678,0.3343988810993024,0.0890916925140704
7146,7.929433416682638,6.068724804533448,0.3888288184421291,0.22512649162544177
7147,3.6360966475502163,10.474627036349462,0.12370714676579898,0.5048399216269427
7148,4.2164094612061405,1.0641211843635814,0.22661872260709212,0.04380066770505561
7149,5.53625649012301,1.6894164792922925,0.17626311986863386,0.05261757314567586
7150,5.439613979451003,2.7812523650016048,0.26224864028816564,0.08827065505508136
7151,7.677282845595689,13.930786666030302,0.343080856788083,0.7079975570287925
7152,5.865480129468295,2.5785280363214516,0.2694703690066601,0.08526681569265555
7153,6.217769658540265,6.524311476992682,0.18377263288276882,0.26788591854731697
7154,5.865844803118761,2.94915744822396,0.19163266219128075,0.09040885356006176
7155,5.848464041948262,14.874702360648417,0.2472086909009015,0.7550957345926231
7156,5.668590187840558,1.8682982054924706,0.23094323785765972,0.0733261688255803
7157,5.050241152996583,1.1905760119987392,0.3072860929022568,0.04655423301993957
7158,6.381555045043599,8.594268082881008,0.21478398933293516,0.3667262208426226
7159,7.338796874544168,3.5410196903993767,0.26218371990429074,0.1252310863867172
7160,5.787219602185298,2.821333811747174,0.1818916304403175,0.08867428776920427
7161,6.2441117901795815,4.484722560473983,0.31681972938920916,0.15689572701267504
7162,4.535637998210962,2.0273937778190763,0.11916783167610961,0.07670928609363079
7163,5.967173646972081,5.592824317699255,0.23119517373340548,0.20176172008826157
7164,5.616664390542657,6.5007720984683175,0.23796317707023518,0.2670086848616209
7165,6.3863261731258065,0.6106681294938232,0.3165337615479444,0.03743908400070718
7166,6.840330548100596,20.862718135327214,0.24764640604062801,1.1897083709475376
7167,4.766839891320088,2.935300848795099,0.15660454890448017,0.0902250149857198
7168,5.923000755707881,0.832601085960131,0.15753052555655087,0.04094077488070437
7169,4.3439609574305615,1.2816782284061137,0.27328326713606016,0.0481618605616517
7170,5.8322437758287675,16.145714772924215,0.267071576139035,0.8222683448335578
7171,4.901365946143259,7.101864627436066,0.2435884668813781,0.2859165370593376
7172,5.970264255688622,7.923758107337711,0.23204634706342467,0.3394261830792061
7173,5.791826823259501,14.406696878922196,0.19158070647765305,0.7318212272504958
7174,6.474314289590588,10.302751503215852,0.14679750006685335,0.4974609044840291
7175,5.826086253542905,8.336038749892154,0.14242317523476947,0.35640111172991346
7176,4.23372470210339,6.551550340035266,0.14501165008302827,0.2689018571212145
7177,3.5372003004958024,14.458286122434394,0.1820646663255825,0.7343953885245498
7178,5.152718910621082,1.9492486764036965,0.15670447902022924,0.07508068448119674
7179,6.579131255235816,14.310549222989012,0.4284498353774033,0.727018851064067
7180,5.790916891501882,5.678555593182077,0.2948412026491107,0.20391237712904822
7181,5.720318748927341,7.838964522044697,0.2109009708335483,0.3306796332402934
7182,5.11136014122262,17.25114617851544,0.29030932077730154,0.9248717028830834
7183,4.937351154215919,0.7879967647823843,0.12466505449236624,0.040422789728761274
7184,3.867271865361205,2.014708928625739,0.25019648489170265,0.07644924765572664
7185,7.324815115414379,8.209039440592283,0.23515244688424264,0.3512279103393766
7186,6.9707887059633515,1.0481106870494352,0.2561987932345427,0.04345571602010016
7187,6.076289579298817,1.232010350243601,0.30198952592349,0.047447080634263006
7188,6.140197443878069,4.0841785671496025,0.2387034111554975,0.13603213541473028
7189,6.10487370777452,1.2213967833129107,0.32160035510328217,0.04721945769242153
7190,6.724178754937262,3.251405003157228,0.30820497102600314,0.09320727726212605
7191,6.851135077592162,0.3508969737895368,0.3359614439210084,0.031525115816770644
7192,5.532529896923036,0.4479198767570796,0.3665224207815279,0.033819576640928654
7193,6.8829536234141,1.8232136234802516,0.35411178712542,0.0544474591508331
7194,5.250092521450763,10.632090595750181,0.08706743063329281,0.5118511992179438
7195,6.416691771481941,6.205614461673371,0.2879533890040344,0.2572594879488986
7196,5.783686360494998,0.46002119792420865,0.29929110244652324,0.03420574793357188
7197,4.694770210062473,0.8660481531654721,0.20733890158978327,0.0416911271927561
7198,6.497284155279032,0.3662686669432971,0.28707576756876035,0.03225989782531456
7199,5.613371373452398,1.0636593185212293,0.35714885665313467,0.043790687045294596
7200,5.73610232695623,2.2959518355760795,0.2778865389375581,0.08150675586963615
7201,5.154935960152469,2.7226506925361353,0.2138766401271129,0.08743052731528309
7202,5.65305491706708,1.226900693267944,0.2832532010818063,0.04733759309393335
7203,5.2771529007135305,13.152137263164224,0.2261146119661461,0.6581121977760661
7204,5.344243997165196,3.4365626778999343,0.2612115533237445,0.09514187893916459
7205,6.771644718942913,3.5536812268424387,0.3935787632570058,0.12547612115542944
7206,5.369051948521618,0.6850561004841276,0.24628019231568335,0.03858013262749008
7207,6.432121464515721,10.839955170713171,0.19677163998088934,0.5387141426209804
7208,5.671139392984373,14.664460428561672,0.2601901875811219,0.7446628439222149
7209,6.164669113531942,1.1671687022462396,0.15649125034058642,0.046045660128838525
7210,4.542486388334455,2.4312341459983213,0.16380062160168377,0.0838423259386883
7211,5.429649743306122,2.365108247840912,0.2950343083986475,0.08272064823766262
7212,6.288793578788211,0.5460630230739315,0.2682268122040886,0.03595941950072463
7213,4.852499035277763,1.5190576346969102,0.22342451569042654,0.050201662963381855
7214,3.3484661731904497,1.1808995011183732,0.14882171973866684,0.046344253985398626
7215,4.7841325730936894,0.6740605182553102,0.21322193650329607,0.038331247476435085
7216,4.846568959873315,4.770421066483353,0.2398232096986637,0.1634077929095455
7217,6.43991391757766,7.077588716926255,0.31603249257981353,0.2850070118743706
7218,7.189647292304716,10.398805070291292,0.36552648226561063,0.5017809430819964
7219,6.767528918829453,5.384505536570372,0.2689504954402912,0.1966755240651512
7220,5.637163189084602,0.526315927798115,0.36583147272957767,0.03544034547660472
7221,6.653124021382964,10.271521106404965,0.286666571798623,0.4960517774944142
7222,5.843853832423274,2.9259066172988404,0.2572246756885545,0.09009981294901054
7223,7.720477387425819,7.782929151864304,0.3294598832898745,0.3284068621208653
7224,5.487372287197202,0.8252802129103876,0.18329280061380654,0.04078181021439704
7225,7.381089270037494,3.2939055930415098,0.3170486486640271,0.09371448627693096
7226,6.056028407524312,11.043798942777759,0.42049259734835137,0.5560533684720135
7227,4.177800497595377,6.224217283593692,0.1313968631587297,0.257950452035198
7228,5.900527620281581,4.389008822589839,0.2691014069814212,0.14219477878533102
7229,5.212840675157876,3.582779629580742,0.10829045006583521,0.12612219801575641
7230,6.590068628660894,5.4353770032347875,0.22379309834222771,0.1979982679620326
7231,6.4726814151382195,10.164119328119188,0.19970477140970502,0.4911880119112636
7232,6.839277034775975,14.51265021912942,0.35079517405217275,0.7371059177321512
7233,5.358006050668972,1.4740332075990263,0.2829719858076514,0.0494566863640314
7234,5.375527235971634,0.4163218762353009,0.21421235835187266,0.03278413565484847
7235,7.593336733148804,1.4370954552389656,0.3779503686121379,0.04888912896274035
7236,5.814579723334027,6.091258687168081,0.2816443736470849,0.22578072487695383
7237,5.628558006672941,3.8925180402971438,0.25311450629022875,0.1321180962684438
7238,5.749420834174008,5.592777613874941,0.24777112192985162,0.20176054065220486
7239,3.664204343243597,1.7551430939866939,0.14630131579549674,0.05358394420887855
7240,4.785750868017819,9.914452955487022,0.1259549391923882,0.47976637402263694
7241,7.288618514830193,9.643404014923101,0.36991409858763297,0.4471251993161429
7242,5.553201180985132,1.9450563509982701,0.26556062585286716,0.07499150943777576
7243,5.766999245233989,1.2648787761419498,0.26889504865460906,0.04781680134194049
7244,6.581855246687126,8.092671007492047,0.25923812001896485,0.34644102968610163
7245,5.732414513061331,17.47933582487395,0.23782419550390707,0.9364710921361109
7246,5.174229458355072,2.062877212444069,0.21012417951096893,0.07742786747968036
7247,6.908641248816611,12.945710228644478,0.2988320716314072,0.6482129850814891
7248,6.943975502488665,4.385667701184484,0.33633969728878815,0.1421278090789129
7249,5.0764520069757095,11.732931652719678,0.20637804630718046,0.5896631380624265
7250,4.0077009525171485,0.4749119631374206,0.18030138769494367,0.034670649957177946
7251,5.335954436932894,0.30185067359699014,0.273158356524675,0.029624138363152825
7252,5.122337292846395,0.6931541297093178,0.24477967584054458,0.03876334429916487
7253,6.61742992502669,1.0911293816340284,0.29962605259757347,0.04438667078447428
7254,6.1874775906816,2.969344647041019,0.2701629855647672,0.09067511902548606
7255,5.041763544827977,14.176462533085363,0.1856945798752704,0.720311746490163
7256,4.147919396389699,0.5862889282788213,0.238870172894717,0.03698059213125436
7257,6.674326601379235,21.75323828079103,0.20512567983344066,1.2393840140673225
7258,6.45382740164393,9.323051689250267,0.27262862611762,0.39228759350372333
7259,8.205612352826329,15.362267273378947,0.41987299877057577,0.7791158649133686
7260,7.5417151303886945,3.9563651018860453,0.3853429223955001,0.13348147585446946
7261,5.265622492055609,0.5523038371941077,0.27675188997027395,0.03612073100596199
7262,3.1534019052916102,2.257307471207095,0.09865584567357516,0.08080954131885762
7263,5.798357923986054,12.449936343528897,0.28067617905775444,0.6243597318327893
7264,4.8484513507284746,0.7451467905023038,0.18476931807844885,0.039744848233186136
7265,6.376983902862693,5.591222020007755,0.18988939951569256,0.20172125150005557
7266,6.124064153799114,18.28133585508925,0.1824490451772484,1.004235704634476
7267,5.452710915699996,3.1347453262587597,0.24803639602621552,0.09226311796499292
7268,5.472675958506015,0.4132847356723472,0.21841527099422933,0.03268317075978759
7269,7.155932482437547,12.58796970026538,0.24641464914238134,0.6310114236839023
7270,5.8183219660917604,5.784712371313439,0.38982447989163227,0.2149714093952565
7271,6.294907384095892,0.5621092900540986,0.34187408351774135,0.03637180400095019
7272,5.171550306661375,1.0713880582413218,0.2724804775607012,0.04395790273650932
7273,5.449402135326635,2.7040475395544226,0.27678478782818,0.08715922015135946
7274,5.99150750871936,11.14584314254823,0.18847378415039798,0.5610584449469004
7275,5.063575320999456,0.8358754978256601,0.2538495097644706,0.04101214307100004
7276,5.531524823518458,17.28588081192651,0.33874303893384394,0.9266405285807771
7277,5.760846676173769,6.076081284395866,0.16533690951082125,0.22534011220674519
7278,7.143613936531485,0.786981989869095,0.29930635156488644,0.04040033451216889
7279,5.612962233684636,6.177260379553634,0.2640450335654126,0.2562068743204739
7280,5.675098517083588,12.80318804644156,0.19377934321905724,0.6413657969252861
7281,5.245359590787669,6.972083587666187,0.22343138108673435,0.2810602834786295
7282,6.611438761211958,9.271413967832583,0.26324244875545055,0.39042943992784795
7283,6.619118600193852,8.574953666972114,0.40693767456076996,0.3659637582926755
7284,4.895190365096464,2.6961734839604077,0.21871257000452016,0.08704369811289595
7285,5.220280718761047,2.2171397608280663,0.1931999311070961,0.08011133229066192
7286,6.225226698431549,6.123273086602873,0.26077429993450785,0.226709664790569
7287,6.6765013711471815,0.7813620145173003,0.27194055271342804,0.04027622957763296
7288,4.109179132949529,1.0388467347272115,0.20247122122503336,0.04325723971621045
7289,6.564881095299552,15.030171334392918,0.3774030994749327,0.7627832772307174
7290,5.318629783253143,10.850973942703122,0.27985673877622097,0.5392383845917098
7291,3.810964450881055,0.684154629766944,0.16788782126040633,0.03855973619968234
7292,5.356284159017236,1.2663599912493715,0.2464449705760548,0.04784731289894734
7293,5.334930010362777,0.7400231709535557,0.20341513478962986,0.03963082716635946
7294,5.713430599507667,1.205322325954212,0.2245754178243618,0.04687327435153576
7295,5.099151552657209,1.6731977359653059,0.2640059187872923,0.05237407164778132
7296,5.136902831656928,1.286947132503239,0.2556120519968252,0.04826963285080309
7297,5.568048365960258,13.900319495783881,0.22878104260001905,0.691731438318887
7298,6.019347768844823,0.5713971314221992,0.33510366444421175,0.03660717596688
7299,5.9001647221735665,1.7915247359657436,0.19638473881114593,0.054005126655629496
7300,5.481941653741802,6.201812718269463,0.2209721930151979,0.2571183152672653
7301,5.569261698734969,2.027268539762618,0.29314097128089894,0.07670672687003316
7302,5.062932138542967,1.4321748656736073,0.23995258199767266,0.04880449757015011
7303,6.412139110071945,2.066881137356686,0.29564827555889917,0.07750824171894166
7304,5.3597367048781095,5.642131655340591,0.23006162139987787,0.20300212670497622
7305,7.7706176830108085,6.999581641582345,0.28308539124541404,0.28208790133379086
7306,5.997157610509011,6.829144795190072,0.24841854675667988,0.27624923977137067
7307,6.842514733492431,9.385105204834383,0.32921672180368483,0.3945029517575391
7308,7.9982781284461755,1.9342506996765576,0.28223146546774575,0.0747608121262957
7309,3.823754449293575,4.5479200874924155,0.15965998187475813,0.15836572442582056
7310,5.219723274364353,7.463868455366689,0.21882256857023233,0.2995153477389921
7311,6.372811704208668,15.045541473206395,0.24897474076129647,0.7635419309360889
7312,6.228900310596026,0.6270972288152613,0.3031090910390097,0.03783292410403104
7313,6.492311496963995,3.65485986556903,0.2707231244727185,0.12754221906377025
7314,4.734773805168012,5.158245897626983,0.16033479873569553,0.1906598787953349
7315,3.8727138134648738,3.89447265259313,0.14576031375439777,0.13215996733625937
7316,5.8405679672583934,1.437242600815165,0.2179838516693368,0.04889165677811737
7317,5.6291036359249675,12.605238262099288,0.23415366281218689,0.6318429816934609
7318,5.614067788793664,19.526075027100063,0.23138158280021542,1.0989871541776357
7319,5.68459332250926,0.5215256128343889,0.233029484613378,0.035312278251337106
7320,4.369025222133453,1.9680457665016022,0.15507156663874752,0.07547825338727988
7321,5.6496104025848615,7.533198543293226,0.24213912805969126,0.3021208133060835
7322,4.324356685370504,1.1469696657414055,0.17194634446004117,0.04560533550161259
7323,5.82890254594314,1.2866666064362362,0.28689100070933043,0.04826390037350749
7324,5.277281801027644,1.8958699031837654,0.21172136588783338,0.07393148307081912
7325,5.440751152568594,1.0507739298496481,0.24144770016058217,0.04351293612694358
7326,4.37298442168293,1.7740557131875438,0.14223322833099541,0.053855926403247684
7327,6.144216004343957,0.8622553994992682,0.29071496170452965,0.041603809989448716
7328,4.749336328613957,12.166322631474314,0.15112418143779266,0.6106657092476893
7329,6.90412587238598,5.487909886737179,0.34276872970565325,0.19935291831765276
7330,6.015994979658971,5.653213767671553,0.23672642737728086,0.20327961302184283
7331,4.836273282706841,4.539841570837447,0.1526558408710496,0.15817870072328752
7332,6.243190176136343,4.314714496755944,0.3421085556288002,0.1406973800555217
7333,5.4907400627294445,11.709951494385361,0.22511920657866763,0.5885465863689637
7334,6.018715108947911,8.403814621164626,0.29546850518042816,0.35913766946357323
7335,5.270508604853965,1.2391603403440736,0.13235253829668564,0.04759998427407217
7336,7.489320195663644,13.542313771504476,0.2863567055471797,0.67675483055205
7337,6.1172219998481,3.403805960212807,0.3808168229403583,0.09476606592773466
7338,5.0814154791551,18.370211271105624,0.23530595839306392,1.008893394636052
7339,6.979782151271139,12.87013750599546,0.2683211269370533,0.644583464641652
7340,4.348003236273034,1.073082809234491,0.23452332988652524,0.043994624162920264
7341,5.363945803577654,8.882000384998321,0.16575554908438492,0.3759764317868893
7342,6.04001243921899,1.4413586768076512,0.31550632578337323,0.04896229618032222
7343,4.787751674376879,0.840461010055284,0.21457082822954007,0.04111237824468783
7344,6.819405936591806,3.3406408884458223,0.35739695447292796,0.0940322592214757
7345,6.028493887886463,5.774092544269084,0.2585790614699688,0.21466897487591083
7346,5.452531361649059,4.712906153161154,0.15944890224398742,0.16212540822074606
7347,5.697308882227771,8.757910120214886,0.24236655510874355,0.3731179282301039
7348,4.199605493803647,1.062204925320773,0.16898817038116973,0.04375926896955114
7349,6.723579538884759,2.13873231449076,0.21123086422689868,0.07862003186355848
7350,6.658048643610001,7.915167232641646,0.2674291524507338,0.3390676167376914
7351,5.80893931805781,1.1159936808573392,0.2957788439511565,0.044928914124640076
7352,5.2002751743446565,13.299536882817783,0.24902296965059784,0.6651663017850616
7353,5.708952215266435,1.5196798647848118,0.2648101723038447,0.05021184439823512
7354,7.3864867316494704,7.9522102350019255,0.3468047475504378,0.34061258702961095
7355,4.230073757430119,17.03681119040866,0.25350203588635706,0.913930181862376
7356,7.23446669717599,2.0489375743217626,0.399412475235226,0.07714711961118192
7357,6.716071048896764,2.3692255577485217,0.23897678963075694,0.08279158136916778
7358,5.439359194702678,4.521038787913535,0.23013285252825105,0.15774239419649483
7359,4.757203627136421,8.881396617920164,0.18374739359746595,0.3759534208303447
7360,3.811901346026281,3.9324023354659183,0.20674050895316706,0.13297083532517792
7361,4.486611558788508,2.602959949566802,0.2846825741735191,0.08564391209378608
7362,5.1023607258945285,1.0482516150798433,0.2645247305895932,0.04345874212516471
7363,4.800681374105582,5.914860565472512,0.20849352708369992,0.22088513801307308
7364,6.691225705818956,5.706962625213328,0.3120129465872738,0.20461877493014424
7365,6.936282462023089,11.397133621916012,0.29744124380918924,0.5733474362021614
7366,4.516418587689517,11.126183025293793,0.2289665278690723,0.5600948501545181
7367,5.714771382046776,1.5402751302459226,0.273626016166511,0.050456621181972805
7368,6.099337458239927,7.096199211857109,0.22948132582674433,0.2857042325269634
7369,4.740930279806183,0.7461302289991659,0.12121321404273326,0.03976676177090729
7370,4.941323484162255,12.520628587041367,0.2749442975520931,0.6277673806057698
7371,5.784660558670901,2.136728214375694,0.2203853146006316,0.07858112268317273
7372,6.478740706346271,0.4322868254980536,0.3317571399072415,0.03331038307117544
7373,5.051559115503042,1.7266370404009512,0.2124356672372427,0.05316865145907194
7374,6.578053580046672,8.541101851269367,0.33690627571139686,0.3646234475813351
7375,5.859440662681563,3.0385358870504513,0.3158923509987906,0.09157325468089773
7376,8.089334859292375,1.114968201326525,0.49299062925234033,0.04490652328363584
7377,5.665560495431085,17.368831579570255,0.20554288924065262,0.9308600145609872
7378,7.067340840241857,17.80903616881899,0.3445367924046474,0.9531486909334245
7379,5.528442283194169,1.297175376145658,0.19018412037334212,0.048478199214869316
7380,8.618745748048104,17.35460089654178,0.3980297343069875,0.9301365980902959
7381,5.443982799486133,1.9652933424023638,0.2831722645692357,0.07542026933135967
7382,5.2298614198656805,7.754502399970611,0.18264511830971994,0.32725166336934053
7383,6.49991060860248,18.68254261925164,0.31064321253427923,1.0526439005183337
7384,4.6750155669735465,10.772697193524571,0.1575468988573884,0.5180702735156124
7385,4.693298415416609,1.1386800277010003,0.15622246891750377,0.04542437536495844
7386,5.946283033338266,16.671732580677176,0.22314903723647347,0.8477358748117247
7387,7.339426344644157,8.891176842581936,0.312738349009773,0.3763259425936412
7388,5.650867599785999,0.890978513249286,0.29945377207010426,0.04227220485557394
7389,5.2237983863799125,0.5764339741637075,0.3328159998439213,0.036733915057150165
7390,6.383827928183972,15.790719931114324,0.33813851438708337,0.7995410326099219
7391,5.721283980746038,10.193785705539776,0.3865130817635274,0.49253428607908795
7392,6.193599336373473,2.7121495951624834,0.3352208948057512,0.08727765908378185
7393,6.048279310472323,0.8390167115344085,0.2873239821146155,0.04108076979331034
7394,6.8486778982843814,4.744683108786766,0.37493112298973336,0.16283580150093366
7395,5.192766646134677,4.406707021665554,0.29443085026873506,0.14254892756040438
7396,4.817390995931743,5.343124953436887,0.16203630762917118,0.19559154180797025
7397,5.101436182459204,1.7260077822109723,0.2668845680345299,0.05315941100464417
7398,6.356119255236508,4.88656225567803,0.39309778078108976,0.16595006363633083
7399,5.562583728070101,6.244059132782266,0.3224761253666126,0.25868776505898555
7400,6.516873978811598,1.8569716513925945,0.21765419842082978,0.07307519241014417
7401,5.112758977006583,4.9409245260842605,0.32635768763062295,0.16711767564339206
7402,7.2682944668830665,4.360059323674234,0.3240187723323584,0.14161334091264302
7403,7.609294290595572,12.193756954600786,0.30797446887133834,0.6119919775739853
7404,7.399359105610883,1.1128264074321095,0.3682360387026834,0.04485976290100557
7405,5.492431858476145,11.51662974688892,0.23233778706422734,0.5791746535669523
7406,4.081335876023728,0.6644820912595405,0.2693429886072298,0.03811410528578023
7407,5.788417693525568,1.5266846142140313,0.3767924568318156,0.05023671677113534
7408,5.422330898836534,1.7753180423990738,0.1726997562007417,0.05387397999058687
7409,4.0985583450186995,7.813622334955899,0.16210097346277777,0.32965252020612384
7410,5.5151424264654265,2.729563299874197,0.27288718109637894,0.08753076494838138
7411,5.734956552657823,0.6708299822592306,0.21096682760626584,0.03825805778339369
7412,4.884131634895766,3.3253433372955743,0.17795449272670513,0.09385263033232692
7413,6.102127575532643,8.46506413104591,0.37986203178879413,0.3615947989427371
7414,4.5940770656335665,0.4414538334845141,0.36459659359127256,0.03361030037869425
7415,6.132608695379799,6.844421223707598,0.2204600932603828,0.27681893389932616
7416,6.022166223237328,9.782330282914064,0.2556202764495657,0.47364990079550523
7417,4.476086796082537,14.470535240077472,0.16941505631281378,0.7350063053404613
7418,7.2755342381301125,7.201493321699256,0.36139002417084704,0.2896538189126429
7419,4.847443286610875,2.96225372975606,0.2339237225023062,0.09058176239902777
7420,5.566361200073714,0.7480316871265444,0.1662108789594663,0.03980915830652122
7421,4.427649559848567,0.5530322027143593,0.18841326936015487,0.03613947865986311
7422,5.572914184843552,2.7805537450823867,0.24456750910222022,0.08826076601772034
7423,5.062952928292454,4.4366423247028814,0.1719886651962534,0.14314563827043833
7424,6.48123268847782,1.7388218142034715,0.29730943873324017,0.05334695733329062
7425,4.979789831110547,3.36076012413375,0.25952476528047963,0.09426734568559417
7426,5.693423310893043,2.3961147182811238,0.16888999784453348,0.08325121220454257
7427,3.9168299726168163,15.161441146757673,0.14295824553598394,0.7692543170587677
7428,5.628231293637042,4.6735840694617785,0.27594183422606344,0.16124003496685665
7429,4.370560342543767,5.847594516045673,0.18898611612223173,0.21675772069628427
7430,6.16747617661244,1.5192510800846741,0.25977845637057984,0.05020482860678885
7431,5.120771801002497,9.243132759755623,0.19816600121973585,0.38940603910789046
7432,5.258042405034388,0.5915170183839961,0.27405014344734335,0.03711111588695651
7433,6.7614729512805765,1.416244092574063,0.3542692897245288,0.04852915637144386
7434,5.967993404108827,15.174827364852147,0.33147610365590285,0.7699131206763797
7435,4.584691624101972,11.550734035456234,0.19233288473616184,0.5808359376137144
7436,5.540851760128997,8.400175732390164,0.21282625796566193,0.3589911969122673
7437,6.858511089792446,12.569855951458374,0.35099629286391704,0.6301390232550881
7438,5.1944699772462535,1.5256712534720638,0.16739903206973036,0.05022026112170006
7439,6.1251740176725535,11.047878802799389,0.26818328688460463,0.5562536525032796
7440,6.156353853204018,3.4565234273766574,0.1730293066037991,0.09536718550064704
7441,4.251299721448107,9.028899330426093,0.2731198566114687,0.3815201622274671
7442,7.431069823692227,12.750747887601221,0.2862950352240837,0.6388445913064585
7443,6.1848305204221985,0.7837965975951598,0.2649666404521878,0.04032993984381861
7444,6.225645391596525,4.542859211794321,0.26633866884283447,0.15824859201358418
7445,4.674633866911794,10.774951137659526,0.28006587304152997,0.518169657853473
7446,6.438147564412573,4.882238971543747,0.28005676388813927,0.16585658791143756
7447,6.736386092392232,10.699229429068904,0.2694541464082875,0.5148255344345585
7448,6.259475861319788,6.137256435841848,0.21599478959934926,0.22711523304240694
7449,7.697253214803249,8.602957774419128,0.3653239145211776,0.3670687479475137
7450,6.61816525486969,3.6535622285160168,0.2874611501403396,0.12751370663690828
7451,5.641713921708962,9.494603343749716,0.2885175405461554,0.4428840530177269
7452,5.690374518628992,7.14054420023866,0.19273627927549533,0.2873666707354073
7453,5.879036310878711,4.147750700793085,0.22194383998129855,0.13735735312194755
7454,6.248797088082028,4.970986116389374,0.2826312353827891,0.1677571191769224
7455,5.9755578197604065,0.4668445896175196,0.20618966187487106,0.03442020340412983
7456,5.256176395617971,9.825126850881318,0.16453265378012485,0.47563695832049274
7457,6.09304298621377,1.757852164668958,0.25484629247005974,0.05362307612860592
7458,5.007171395243879,1.2689982354904372,0.24998169411557605,0.047901616293800735
7459,7.299622633031181,7.043378855056424,0.33480053628243694,0.28372615380838345
7460,6.9360624032000935,1.0329717296027054,0.25992777104462567,0.043131845605064674
7461,5.330219914946256,8.113039180435914,0.18647962388396375,0.3472818358451151
7462,6.081840627507437,3.847509406171429,0.3191423577414178,0.1311516706565808
7463,8.515254981057772,5.107944701333992,0.4283649879003955,0.1892930465747917
7464,5.95065215365939,6.292722539094435,0.3018313599213769,0.2604976001129939
7465,6.166548822265852,5.082782473526326,0.38965074757206974,0.16977926978917304
7466,6.721609749238582,6.095757113119155,0.2900826276054785,0.22591128940819363
7467,6.393967254912639,1.180112646757746,0.2028972264421455,0.04632716210005581
7468,6.086929984342279,11.810152125120137,0.17863539252546698,0.59341280965645
7469,6.494561664692823,3.349531735023034,0.31596567975792156,0.09413630634369616
7470,4.367039869586198,10.968339843150055,0.18977935442836694,0.5448124389566751
7471,6.220828401147572,3.9944043985964366,0.3323455274212413,0.13422566097235464
7472,5.948812300012926,12.41156936146242,0.23736169901905937,0.6225093570638098
7473,5.420583476563166,13.961158248109623,0.2629905981711455,0.7095214614366587
7474,7.840213768874146,11.795939475533254,0.3683883524900057,0.5927229323924404
7475,4.779517422994508,12.570054492546387,0.2005961310338695,0.6301485862497574
7476,3.5080654155316293,6.036128335880927,0.13265505830373017,0.22441879201676987
7477,5.088691321958439,1.235689680520691,0.20045728758765682,0.04752580806793601
7478,7.259597951477088,3.9104607972866563,0.3763743079273201,0.13250214887265113
7479,5.638465067439403,9.961676771764626,0.14164492665637127,0.4819399391848584
7480,5.338878214209294,7.564775450244478,0.2310766280451174,0.30330679273505584
7481,4.669866003769016,1.7760512719200285,0.19614260924168947,0.05388446077481992
7482,7.017891523044056,19.129890546119107,0.40423982581968837,1.0774018369382738
7483,6.749675992624609,12.721875678019234,0.33087587428719706,0.6374560862985287
7484,4.774652610827148,5.966520211633578,0.2831988141694146,0.22239224923968995
7485,4.61549706091284,1.9604449181401702,0.14776244702034588,0.07531793691465677
7486,6.4365177010783485,4.2887426696725806,0.36064075967662373,0.14016995065230145
7487,4.3320054830402155,2.5515904440844053,0.19074691051305825,0.08484606945492108
7488,6.031555767491429,11.846073017961906,0.2745283284138531,0.595155885034416
7489,5.682660103688661,4.022765414847515,0.19709124638949035,0.13482551442360133
7490,3.8658755144776173,15.767463114834271,0.16451748417579068,0.7984149518821526
7491,5.681036936715601,0.8371180300026797,0.30631208880069266,0.041039269639159354
7492,6.0006063947143815,19.11050961567127,0.19130962518464592,1.0763313898566174
7493,5.8203130168750405,15.533980095400473,0.3141761760976445,0.7875089921193242
7494,5.071943947159821,13.67155202891879,0.1602620920058472,0.682906423010802
7495,7.512099741673611,2.631879027569262,0.291900421702469,0.08608468792084803
7496,5.019733060124904,5.008731062643048,0.17725694039629245,0.1685536695078557
7497,5.1728844583275455,1.0355593584144829,0.3422288110295962,0.04318702807173686
7498,7.882359326675858,8.435639003467436,0.4597069043201963,0.3604162678481105
7499,5.694653117676642,4.100467903279822,0.233486408020247,0.13637268065055333
7500,5.223266368069916,4.736540064479101,0.22592704126970262,0.16265419776321663
7501,5.11630772813532,2.3479465265906625,0.16265884712350365,0.08242338462227566
7502,6.419029744514551,8.05978438625705,0.27064436095925987,0.3450809882735176
7503,4.883811119629152,12.829764875835435,0.23007055693150213,0.6426433638139899
7504,5.962523348662994,0.8607745064421816,0.2785585559443435,0.04156979278241408
7505,5.707588340519167,1.475254999381498,0.2818122109326739,0.04947711732313982
7506,4.802309232151363,5.826473532057885,0.2172064635838374,0.21615855982167484
7507,4.440790135637177,1.8171076579979588,0.17767640966642023,0.05436282266151016
7508,5.972832420772327,5.027665657003037,0.314707779705738,0.1689505937705991
7509,6.0834835862313215,1.808265009980798,0.22579005583178136,0.054239751141980416
7510,5.8355790003415136,1.8912601559913194,0.2833565650880447,0.07383083531957901
7511,6.958279177048797,3.678145501169267,0.2487554504795048,0.12805327817768059
7512,5.5827396782511745,3.758533525911131,0.2034824284644804,0.12922868669047458
7513,5.5897301623995155,5.1098010562137945,0.1710834895716994,0.18934367788191406
7514,5.0785610467636095,1.8228227472781346,0.2361551371964575,0.054442049549121685
7515,5.718784235127882,7.057198251089889,0.2706682723861456,0.2842434441136716
7516,5.814664347985735,9.65267144587764,0.23136372253290102,0.4475325132423216
7517,5.393924312038007,5.113899425563608,0.32668088621326835,0.18945540816109982
7518,4.117234507032965,1.839776744527606,0.18266502771888285,0.07269154538328446
7519,6.032612419342766,8.734652156608227,0.38343034734013426,0.3722172023287293
7520,5.01955175372139,3.222736914527663,0.16620350104544993,0.09286100195976296
7521,5.375450776776305,4.896599667744664,0.12557891366370963,0.16616673696734738
7522,6.684430010413458,3.502674288059905,0.31863647936494777,0.12461625659791888
7523,5.9452086444596075,1.0039943248750958,0.1911899285702244,0.0425193199655248
7524,5.5860358941344845,1.7899996940868936,0.20565828823763038,0.053983645456436045
7525,4.8133605229634115,1.6239749062444382,0.14951640203005587,0.05162217901307127
7526,5.702640404983435,4.91033606075269,0.2013135396806016,0.16646246326197964
7527,7.101302529164376,2.6856202868271155,0.3399999963843015,0.08688822121588585
7528,5.450294055366366,8.794676642588605,0.2647961011474932,0.3745364560240902
7529,5.161760883732942,1.7491413090685906,0.2925000541198498,0.053497043124847043
7530,5.122610606350395,2.033362663827504,0.20799393202880143,0.07683107138798455
7531,6.545667822525584,12.949274845636165,0.26660140415196715,0.6483841130939859
7532,6.359164035499586,3.369335920494674,0.32870501165353105,0.09436715904024803
7533,5.515160683776416,3.342453141556143,0.2722657560835539,0.0940534883449044
7534,5.610834575940679,2.3851298065431186,0.2942016728342159,0.08306419561158576
7535,4.357815118820986,2.4146565704942824,0.21294102424069886,0.08356454511237196
7536,7.216574267850326,16.590807644688223,0.35674648384640695,0.84384206972235
7537,6.036644755363521,1.4736148495131474,0.29607168800848116,0.04944968776349312
7538,6.2933925042911385,16.465461597975782,0.28778992071736903,0.83779366659911
7539,6.603541278913469,1.1383896326369947,0.22413049165354618,0.04541803445140421
7540,7.347988083601959,4.384591971344914,0.4046180314729898,0.14210623950759863
7541,7.590331932275379,1.5933820789598703,0.285411106535223,0.05114756628484386
7542,4.743189218341063,0.8922963673638126,0.2325975153684265,0.042303269415223915
7543,5.255910747897675,1.150349011102043,0.2326047033679377,0.04567907213051097
7544,6.721566994391566,5.842841316851701,0.3313214371229122,0.21662295261701323
7545,4.963890220802923,0.857026484488845,0.20314240759122698,0.04148388699758736
7546,5.927568428252896,3.054854156486699,0.3102813166666463,0.09178202347024886
7547,5.277750444343572,1.5384471661669603,0.22095590397662673,0.05042712807296821
7548,4.953130761198216,3.7667824992765166,0.10150567526390361,0.12940765306033195
7549,7.32146343233499,0.7890748446620407,0.2955772688705341,0.04044666171576339
7550,4.650081804900525,1.0774615693578649,0.2692307270870427,0.044089585234323325
7551,6.378796816544542,0.7886626751870872,0.2680006922227717,0.04043753307063691
7552,7.870436559780905,16.795599010611767,0.2895370211102315,0.8652944609161114
7553,4.473319385470956,0.8868550328979731,0.15010651391950855,0.04217523184961969
7554,6.213966667159556,3.4859060451412547,0.3810238656953452,0.1242398295052574
7555,6.969168125723124,5.264018799586359,0.22809209943819778,0.1934991466854798
7556,6.633379401719258,1.8189691470449245,0.3361681902879953,0.054388655164344574
7557,5.69319680653495,15.334462340904498,0.16790960877968203,0.7777534012105961
7558,5.6278482768528475,0.4064669538921609,0.18405550344977833,0.03245577834362171
7559,5.242094447021054,5.538176615923946,0.27120248115564755,0.2003757324309889
7560,5.052715586324004,15.476377919160269,0.15872496112479473,0.7846976439352227
7561,7.241983496315975,11.786951872525218,0.41441521438961465,0.5922866171032631
7562,6.508402880323458,4.830411377236342,0.25741616482726776,0.1647289755241689
7563,7.143529916308613,7.140658202059365,0.3323980675522683,0.28737094641092814
7564,7.420786734736951,10.700978504365839,0.5119003805763963,0.5149029033652454
7565,6.0949358921428916,1.043416643948386,0.24642732368378786,0.04335503675371786
7566,8.078175585015991,3.588319687187997,0.5272264602469229,0.12624500497479488
7567,5.1930018300726,3.7129101893497656,0.32104704889278146,0.12823635886491144
7568,4.820409264960641,2.600037874146658,0.2565005079610592,0.0855990403207802
7569,4.141993020649363,1.1613877990661803,0.25768584675809464,0.04591975328217363
7570,6.160030695628736,7.810951618175269,0.3730646160740234,0.3295442023809006
7571,7.037757085977934,12.1916316667426,0.34911602571249917,0.6118892467377411
7572,4.78567390847138,5.897880479364479,0.21460974110866804,0.22038909577776025
7573,6.443844439501137,7.069484543398702,0.29383637998778145,0.2847034893840226
7574,5.245582009949236,5.0317693140675015,0.24568978881292633,0.16903638350841826
7575,5.812848143347374,1.8699804474210089,0.21837595988816347,0.07336332953797654
7576,6.083282399057405,7.412771263923798,0.2845550891823034,0.297594280384968
7577,5.857547127314208,4.058028644316285,0.25849636160850803,0.1355686912017971
7578,6.777274799074127,3.4066042084901236,0.26979416369010356,0.09479829175297391
7579,4.861500829038605,16.61379861448378,0.2046692551227083,0.8449491896796718
7580,4.458731527997046,0.6884238585713874,0.18415756918669526,0.03865632551793466
7581,7.153739867754186,5.170503267644601,0.3981263468063903,0.19099133318722356
7582,6.220719904707491,11.26807712431792,0.29975128778553695,0.567042301897463
7583,6.773047182389246,1.1843796044746338,0.4071871653813171,0.04641981780248007
7584,5.446638984831888,2.189570226412036,0.32133705393020157,0.07959377100819347
7585,4.7796772757182575,1.5578040612972568,0.23912864927245578,0.05065248842727896
7586,5.378553770634847,11.717685010256137,0.2446795353997033,0.5889223751757251
7587,6.550650318563288,7.783607068673182,0.2459484279522112,0.32843439371616273
7588,5.766631706679274,2.8685998362195595,0.2320219432189285,0.08932581843978266
7589,5.7069086341117226,13.070812605765175,0.24393752825619028,0.6542149594603345
7590,4.000273638762591,2.7673965689863693,0.16476750370972043,0.08807396307568552
7591,5.427822309425248,8.907088628637911,0.323371726378519,0.3769309832712576
7592,6.157027555638325,1.1753561812979605,0.3490582009622841,0.046223791362755326
7593,5.336084388872667,3.402250945630201,0.29094533747246026,0.0947481476900307
7594,7.3055785446329375,3.0395263674878326,0.35297511648859176,0.09158594828101471
7595,5.668182073914861,6.568260778131853,0.3621801465037997,0.2695255626039089
7596,5.62382966868156,20.037999550684553,0.26002686054077134,1.1433286232131374
7597,6.123460731598836,6.084371430184328,0.18976690489145331,0.22558080080928838
7598,6.567122730986427,2.9394383823775554,0.27670240938193197,0.0902800123284282
7599,5.490718771987133,0.4598676640384309,0.2131711969250101,0.03420089483827279
7600,8.824602032971036,3.8250490320020982,0.4388984987562324,0.13066779754327187
7601,5.929958371470165,3.0124404553813897,0.16726884630888125,0.09123719621533016
7602,5.373057134159594,16.18710382885922,0.23482406136189812,0.8242858318226581
7603,5.360070046357033,2.9403503113455365,0.24042609776643312,0.09029212203872662
7604,5.1526884766906855,2.9485199493884386,0.18605493316261498,0.09040041738881588
7605,5.5063723861170635,6.058886915181424,0.2116978250080074,0.22484075491013286
7606,5.652281559718307,14.406364917196589,0.2822279034587455,0.7318046572007008
7607,4.895567722817968,1.0469950443492149,0.2298309240129792,0.04343176715422649
7608,6.050744623060294,0.47498528398100265,0.3045181458165109,0.03467291075763437
7609,4.629322198138343,7.646564762945518,0.29929435843007696,0.32285391415282094
7610,4.814839165290453,4.815075601208057,0.1364076432682166,0.16439284866665596
7611,5.185917744455231,5.457958116376615,0.2628337228397833,0.19858195824183614
7612,5.376031991063997,7.372122137714402,0.33424722727188133,0.2960658748156156
7613,6.833377762632499,12.526619507734836,0.26975163527074336,0.6280560647375119
7614,6.639344878110434,1.046125725072588,0.2880830962486147,0.04341311463937934
7615,5.622841658721147,5.9309558694562945,0.23143364558249763,0.22135501763597085
7616,6.01220472433119,8.749337926953563,0.19126079639657095,0.37278625113651037
7617,6.594081576789433,9.693854585519592,0.2706420188339815,0.4493391322212696
7618,4.47029726541852,1.1785871998951079,0.21355718086463651,0.046294019639490244
7619,9.417541692895675,3.497857737388314,0.4560941357568381,0.12450819285084512
7620,7.692155321081495,1.768191096782058,0.4109280712545965,0.053771888118354455
7621,7.861090151069354,5.633934524442755,0.37412818389976293,0.2027965721312238
7622,6.324507935538959,7.938004371472453,0.3613733633510268,0.34002044819233357
7623,7.2396282404838495,5.843765926117326,0.2994988851381771,0.21664917137771914
7624,7.811531113341938,5.847338847888168,0.46155446284875007,0.21675047273866102
7625,5.175792671795699,12.422645955786779,0.20250363112579814,0.6230436300937409
7626,4.925880610312422,8.37579506536084,0.19859509131350256,0.35800848480512465
7627,6.486352189970447,5.923193850008411,0.31718369281043846,0.22112845387721566
7628,5.879981050515478,1.1906169588982944,0.18585684806551778,0.046555120674251646
7629,5.097434702832477,0.8632271214346489,0.22249615003967904,0.04162615430983992
7630,4.783792408817364,1.6627727823074752,0.22943120743467432,0.05221642839668346
7631,6.632322007807274,1.8150573528188914,0.31540965061019727,0.05433433950555104
7632,4.8833841291716835,2.986889362331189,0.15599187377236604,0.09090503489001905
7633,5.7602847746518195,3.147559744975101,0.2015523014863693,0.09242216643182455
7634,4.5032545609294905,2.330969719997824,0.1302825717539741,0.08212676205276051
7635,6.884948981056714,1.6918303942410535,0.2420290964405072,0.05265363261735019
7636,6.225680697320393,6.3248626388666205,0.2879761921551773,0.2616941888666049
7637,5.171038178273682,0.8520111167901191,0.18855909193934267,0.04137028810842818
7638,5.110238887351101,0.5513001408201922,0.24149636044526013,0.03609486991168831
7639,5.5263699205564265,3.0601619369015007,0.26249572199813687,0.09184970671197477
7640,5.4895455965089495,2.0183271846253077,0.23134750108668126,0.07652359165744713
7641,4.876444471520197,6.82648459596389,0.3021966450297862,0.27615006259029756
7642,5.76984234218343,1.6212604297006123,0.23422895524116655,0.05158016424550792
7643,4.6927934375879055,11.567909344980835,0.2177259695678461,0.5816722853164498
7644,5.067200580206355,1.977062440994302,0.2363519100960701,0.0756676484969108
7645,6.142073367236242,5.468375544359246,0.24449716391445891,0.19885052261340277
7646,5.86950829470693,9.20297836285544,0.3139565468792013,0.38794597389098046
7647,6.724674631899355,18.985942401109266,0.3781240697410176,1.06944654589795
7648,5.670148840393124,2.7409534195770133,0.2615729251652456,0.08769525758207103
7649,6.864729541744038,2.755019984170032,0.2574879868710696,0.08789726032476405
7650,6.25716445277352,2.7042038206667454,0.3258245639360202,0.08716150882521866
7651,4.986096436986634,1.7451243085528847,0.18924566335927975,0.053438720753115634
7652,5.8821140277296164,0.45481994224327243,0.3445554292984425,0.03404066959662083
7653,5.3213508241283325,8.706617873908542,0.2522560217542998,0.37112805128156834
7654,5.054185825735626,8.05303076884882,0.17244830862628793,0.3448013228493995
7655,5.854064792468269,0.7613038820879058,0.2329016008684041,0.040106193788680834
7656,6.4578974315040805,9.31110275691602,0.29992404217293633,0.3918588106440529
7657,5.815527485429588,5.907686209009805,0.3117875249838415,0.22067559484356514
7658,6.782173530870421,16.3259998674542,0.26196119775711135,0.8310392014132381
7659,5.91153277054758,0.61450691534544,0.26234847949247375,0.03753071195673932
7660,5.714621774521667,16.261308244634716,0.21851064690799518,0.8278970506582651
7661,5.163906438223204,5.152328109217569,0.2693106050727019,0.19049962747143978
7662,6.78727143259733,9.653941319635583,0.2745657025507339,0.44758830338475547
7663,5.710860223575177,8.03291058234914,0.2776932123325576,0.3439674336105844
7664,4.667080601956891,1.1229451853842565,0.22397937240406265,0.04508072422132471
7665,5.54749017448168,3.0370341042923683,0.2245785804306856,0.09155399989676238
7666,5.9409959768425455,5.248472119926417,0.33246067755279357,0.19308480431966893
7667,5.749416069429225,7.452119165586784,0.21432795519365783,0.2990736563820082
7668,5.608474598591189,5.618912694132252,0.2680382040340013,0.20241920054395898
7669,4.403503924220295,4.29409473854256,0.18274012342166293,0.1402788030976675
7670,5.4607360302993815,2.5308246762314437,0.22201247971218055,0.08451824162596765
7671,7.104503902323766,6.324031105747976,0.2498332805974742,0.26166321722655383
7672,3.6447334287920605,1.4629915315265005,0.15407310838673263,0.04933131408186715
7673,4.15382169861767,6.81403355771308,0.3037973305012062,0.2756859754885772
7674,5.98053274181102,1.7982220618502378,0.23764496315046219,0.05409925113208211
7675,4.662030038984038,0.5564764058502043,0.2523530890616321,0.03622791405858629
7676,7.082039192547158,1.8693749009546612,0.4015547927085425,0.07334995643833092
7677,5.854978264606859,6.150771344786365,0.17110545054606854,0.22750712416227323
7678,5.576809529161497,12.495718544451886,0.19000011326277774,0.6265668707371955
7679,6.483705049795415,2.931031004372543,0.32762513735990806,0.09016816562172705
7680,6.842752650554028,14.878896816040763,0.3308365935891435,0.755303458115811
7681,5.178457580701283,3.4369916437256776,0.2690122752165583,0.09514678002374984
7682,6.242553606926255,10.797062053110542,0.28968148974990987,0.519144099438567
7683,6.045063387978538,9.764619901870015,0.3213237801514201,0.472825922771468
7684,4.4435278578570285,13.431157194807351,0.13776625190872702,0.671453941484237
7685,5.183833752557846,3.7455106655235446,0.14081177658538369,0.12894586540873343
7686,6.2428573763987725,2.607495597705999,0.31830411004677966,0.08571343970715918
7687,5.862346338197377,1.2287098755967194,0.24357965097874548,0.04737638001615023
7688,4.4864243990854815,4.102082842744214,0.1907037641048661,0.13640640632237486
7689,5.070332030059726,3.0540493999501788,0.1579156489735379,0.09177175048565288
7690,6.7130473329977915,6.336858738904601,0.2880349184897321,0.2621410813834359
7691,6.702700400789817,0.8772203122233367,0.3575672369418476,0.04194998611254237
7692,5.4899634681031975,6.794936758491892,0.2689841753736477,0.27497453796435095
7693,6.691498575497618,0.8617081398528953,0.30947355590869646,0.04159123407628977
7694,6.548282112500849,13.880138472676771,0.22580337448880491,0.6907773850135601
7695,5.253335966632986,10.681314395162529,0.28517486224241784,0.5140327363912447
7696,4.282954585096999,1.0718096931328664,0.19740898954437805,0.043967036869539
7697,6.392660618465608,2.976650083266013,0.29860428592621396,0.09077103800550466
7698,8.279867758888646,0.7891606171882253,0.4130806346551685,0.04044856169320812
7699,6.32832637402131,8.246397424568467,0.22477847526680708,0.3527554956290991
7700,7.029406640166415,2.623065036659599,0.3734604717870625,0.08595098049953731
7701,5.202567919629151,13.060764094753495,0.278449347548443,0.6537331670289943
7702,3.6240853930734716,1.9042971666674067,0.18976769700077445,0.0741149043365636
7703,5.448022517960193,0.4694057011614628,0.23996790065629944,0.034500076111344265
7704,6.309172072957881,11.682113594255702,0.4179617867469418,0.587193579431654
7705,6.386102911859584,7.883481802531727,0.4006761051704912,0.3324806465820458
7706,5.2370479369847205,0.8887517561951117,0.1655659754065199,0.04221979503299646
7707,6.456061519647229,6.610198043071743,0.21873648703598522,0.27109236367365414
7708,6.595427922389141,2.883671692948646,0.28179370668552733,0.08953112004050912
7709,5.402644189206786,9.722578188367091,0.24606248412185283,0.4505959157492346
7710,4.480214675111109,1.1666042168847341,0.26599145245319206,0.0460333703963103
7711,5.681550295793032,1.4884458081005396,0.3326721034798224,0.049696930697197
7712,5.598870484698563,10.335298363312244,0.29819542221981427,0.49892703720196546
7713,5.728271660155314,4.213622175767302,0.215526992064297,0.13863338644931242
7714,5.432763988493356,1.8817585402397075,0.2856275021295203,0.07362267620341739
7715,5.907409210735104,4.153003695560171,0.2661187399949767,0.13746638962822208
7716,5.839686948979439,1.059707124972419,0.23050308343565143,0.04370534921236062
7717,5.397660268182338,4.9577520631535394,0.188613279304183,0.16747616527635278
7718,6.653004139923275,18.138604369564952,0.3167311850978493,0.9697332949614527
7719,5.624418051928097,2.8528971948526354,0.18506388842190966,0.08911072100486847
7720,7.262873540817477,2.3600049557626694,0.27625925050562355,0.08263252282631867
7721,7.305976693426431,6.847370871811155,0.2681710977709712,0.27692896459084604
7722,5.160261640040731,5.017891326780811,0.18519425734474732,0.1687459177038058
7723,7.167845942668782,9.48785719799144,0.38039519978610564,0.44258354843835834
7724,6.078252933467331,9.6166194787404,0.2533885614761436,0.44594637469385356
7725,6.122147609901111,3.1247339404381633,0.22959441030037286,0.09213838720114934
7726,5.946540247533202,5.082951150824996,0.25176527451064884,0.16978275927145198
7727,4.405157087700301,15.899595386666224,0.3091699792930112,0.8102232557523339
7728,6.15671036320583,2.2401370685768005,0.3135767924326192,0.08049530339036351
7729,6.105648332565392,2.0015375339678427,0.28657115891051094,0.07617746775143464
7730,5.397852054502396,8.490412187481555,0.283333297647152,0.3626071601871533
7731,4.874926386043556,1.5634511238916562,0.22126585724484674,0.05074231684903639
7732,5.380280894963801,0.8787711537071411,0.27088421758000825,0.04198611625705974
7733,6.119491157545187,1.1308994661269005,0.2480109370065281,0.045254458000771734
7734,5.933780590001423,6.0102021057659,0.23043176416539798,0.22366448984509835
7735,6.083340526946627,5.59881226918761,0.2300319653713685,0.2019128655816599
7736,4.980085111383775,0.8852832550375428,0.17154520178199387,0.042138358195241664
7737,6.639139697952956,14.3469694356173,0.28247830445992644,0.7288386879331906
7738,6.871508780506081,10.623631095157254,0.41050837707091464,0.5114758041419795
7739,5.32456868803184,5.424911481361735,0.2677775819901482,0.19772703024644986
7740,6.413873047003224,8.22685537592437,0.33185652468012744,0.3519569967051221
7741,5.1255775658443,7.023509690225638,0.22979660385092135,0.2829827139682478
7742,5.775209235808721,0.8907643433906746,0.297861394269884,0.04226715972876109
7743,6.231352962627758,18.166641775416572,0.22090215206049493,0.9711405336720222
7744,5.5095236033592645,17.392898226934655,0.19256023794247557,0.9320830092039615
7745,7.196749556279623,7.8733667378032735,0.3398338714658279,0.33207180740464265
7746,6.794967283446316,8.766268173230541,0.405600305752515,0.3734409770995499
7747,7.158420110606131,16.261068693467784,0.3238744997408506,0.827885404770606
7748,5.596873450715095,11.091211460111463,0.22158355764453316,0.5583799855343807
7749,4.674318590848496,0.44242131755051195,0.18532878863926158,0.03364173773858853
7750,8.254998730827818,3.125233775199408,0.3953741813480477,0.09214462452076919
7751,7.23765361249843,8.55575173632877,0.3169121046532663,0.36520410648130625
7752,5.710951256802892,0.7388961364328938,0.2276166804966124,0.03960577732807732
7753,7.253499366052635,16.98375334279757,0.33916979399862074,0.911214311452025
7754,5.355330523098892,4.258761062965841,0.2665519527232209,0.13955862319405596
7755,7.578965400406343,1.0719618160566704,0.4138212850366223,0.04397033268633503
7756,4.642439275671043,12.40163640999987,0.14919128846881577,0.6220302002227446
7757,6.701898102673911,4.48729320579596,0.3161763570977205,0.1569558442300173
7758,6.0407804913676655,7.290040848424009,0.30689476238417046,0.29298017076952126
7759,7.630421002044966,1.8047498403873696,0.4654359664096273,0.05419066187450018
7760,7.208996971238366,4.181335006818718,0.40612810550369477,0.13805319945791958
7761,4.840300831350919,9.459718802451007,0.19022427549353785,0.44132842660025806
7762,7.043970258570211,14.112722105154422,0.3572910044783559,0.7171197756879172
7763,5.430892281099595,0.41567498054135005,0.26004060441553173,0.03276265037134615
7764,6.814046688919946,4.910242601602827,0.34551465239344387,0.1664604543222883
7765,5.758232944058196,4.844200227267541,0.2050913100581063,0.16503023966240157
7766,6.210514277469456,8.672545088343812,0.3371426392174633,0.3697992821120461
7767,5.534329033974065,2.328673475704647,0.2582192214316628,0.0820864444122634
7768,5.3248815824977385,0.5780788885038812,0.2968917984935182,0.03677517664105037
7769,5.677735070632889,2.183656791793839,0.14921092183190404,0.07948180955576131
7770,6.910603625248605,3.737833569484475,0.3363417518401914,0.12877897785698886
7771,5.741708185849876,1.064924631865161,0.22299075482023176,0.043818033540452765
7772,7.912195609920639,12.120589257196103,0.4612604695717451,0.6084539993422247
7773,5.060256984498877,8.74241101606061,0.18965162513985803,0.3725179744252722
7774,6.406309227701201,8.744781444777072,0.2880952088019261,0.3726098062940707
7775,6.1066231664005475,0.893694123259617,0.42355099465398977,0.042336255585493275
7776,6.442753592311965,1.7686707513996667,0.24935150002086834,0.05377877155930344
7777,5.804140816291585,4.445030187570227,0.2722551472831141,0.14331230928976751
7778,6.771622033649806,4.925623036145989,0.3468827318737929,0.1667904874530901
7779,5.925685143201988,13.28384906039849,0.266531030307004,0.664416144542493
7780,5.59076936579433,1.536061501918657,0.28287912198021853,0.05038859747356575
7781,5.243478162934596,16.414398579068084,0.1900433720570759,0.8353236247662633
7782,6.36200224601067,3.2430651086228885,0.31312282038438866,0.09310685662063518
7783,5.9036236248725755,3.297815742401942,0.301342469700389,0.09376088731249207
7784,5.4927538767815784,1.8572797307743114,0.18411315884302762,0.07308203676939612
7785,3.6526880487674536,18.85673676772916,0.1929567912823895,1.062296764772673
7786,5.582603958976302,12.056081364405056,0.18855373093711117,0.605332595619165
7787,3.7536994299750606,2.2387097291905937,0.14604479296955672,0.08046905683666049
7788,6.2187771722255825,3.8903313889463904,0.16718331092054514,0.13207124475002238
7789,4.850937072593692,1.4675334642689792,0.24706985403037662,0.04934779468114622
7790,4.9627963673546684,9.70867769878831,0.21831332895333042,0.44998803937381376
7791,6.664708376042953,7.458825462436373,0.31144233000829136,0.29932577010668443
7792,6.581041063528247,0.44619657287471537,0.19480019065474935,0.033763994453000545
7793,5.254639607917204,0.34224597024524267,0.2378044378428343,0.031138510181013594
7794,5.8441472580683875,6.248110417052258,0.33165333454774043,0.2588383516957838
7795,5.969499792035724,0.42139437384786943,0.2666581726586767,0.0329521977477085
7796,5.37741860424016,0.36279314699896065,0.2538128306510974,0.032085979858755116
7797,7.041486625679786,2.188239917878633,0.39016143343268356,0.07956861342871879
7798,5.045140172972369,11.880292627226805,0.1660179130483306,0.5968157322883895
7799,6.358723974224501,5.367329576517085,0.22123759328149453,0.19622646890303383
7800,6.014965756679675,3.7822137661289594,0.28629975558384335,0.12974206968081128
7801,6.243249592986855,1.2804822884874496,0.29694557871132554,0.04813736826295504
7802,6.581574129163,1.161855184015331,0.38607742721040705,0.04592993661363435
7803,5.759444115268899,20.34080280397757,0.22084986985456898,1.1603971083351523
7804,5.6988044624419105,0.6909837645491625,0.2984553921643683,0.038714240124797544
7805,5.24070986351309,2.9687671399081617,0.30881422307819795,0.09066752515969766
7806,6.946249439779168,5.421980142163876,0.2892066408491408,0.1976509761215522
7807,4.463060697664944,4.533762673630072,0.24409812547440507,0.1580377974508946
7808,4.63401601940979,16.253645870931685,0.20341031034553067,0.8275245021686679
7809,4.316945049681286,2.706675877229679,0.24913485376045472,0.08719768962234335
7810,5.554480475305051,1.2991969433917427,0.32378428713090923,0.04851931862397521
7811,6.693987313572476,0.3347776396473591,0.30287843907774376,0.030818707120570218
7812,4.062719130327694,12.860588420191622,0.18846988695612085,0.6441246549289784
7813,7.315071192659222,21.68274467689607,0.3566741746133037,1.2354673385055284
7814,4.6649321259692424,0.5441956315786296,0.2539167493351652,0.03591090912777069
7815,5.906226695362083,11.349194276592641,0.2712695864817192,0.5710067957248983
7816,4.933447931410071,4.543514736449912,0.19879749245186382,0.15826376973096024
7817,5.795592486647889,1.4926369948172313,0.2673479111764912,0.04976648024270256
7818,5.763952449740452,12.788749599972276,0.27734840512170056,0.6406715918524649
7819,4.298995824482981,9.676845288110483,0.18329359604528067,0.44859364339064317
7820,3.7718621336443596,1.0958759689479092,0.1127984728829764,0.044490042717732964
7821,6.445328389421172,3.3269226432068977,0.3360982534442965,0.09387121093836966
7822,6.621900176039667,0.60061993908766,0.32590101950524814,0.03733722868874574
7823,4.537079505597677,8.216276887633715,0.1925935774775328,0.35152421746866436
7824,4.058857681518332,0.6734556542964346,0.12709627273214816,0.03831754695169398
7825,5.87057671560776,1.9933947864758814,0.3420401265457687,0.07600854668347148
7826,4.897903692881845,10.491557275796136,0.24135046746610983,0.5055962160790609
7827,4.9018080427620445,0.6734337566497005,0.24420245077685773,0.038317050932381906
7828,8.090617794781764,1.77268313047088,0.3693657584207117,0.05383628183987711
7829,4.6855533766093105,3.2456877364942,0.10158711962648465,0.09313846323505154
7830,7.700824892691699,2.3995179340433306,0.439292263439048,0.08330894149844828
7831,3.9180947349912834,6.648019744044541,0.16382117195197793,0.27250728415853914
7832,4.507548694946416,5.032996636530191,0.20868298768128776,0.169062025256303
7833,4.644334414775842,4.7381760766438275,0.186204674674273,0.16269070800815746
7834,5.727773444602948,11.287664722909184,0.22195125842542565,0.5680000838376341
7835,6.12850144295875,1.6967464116502495,0.37756961175446246,0.052726923416339805
7836,5.5254696356791895,0.8177120592359209,0.32601182347315183,0.04061830465729822
7837,5.310908419231064,4.3432921572316046,0.21393268256384526,0.1412753810318717
7838,7.284240653575773,3.4236364517187567,0.31987056913771006,0.09499394775957085
7839,5.304151055553043,1.5594798216033672,0.1798644216797908,0.050679171065178635
7840,5.646853198582449,7.541400529793488,0.24413957103030298,0.30242891803461286
7841,6.081998072462027,2.2496071688644688,0.2863196967145552,0.0806689586893844
7842,5.7691591583601065,0.7267165278926195,0.24222414398820316,0.039335683551902624
7843,5.960619866671503,0.6328535985970496,0.33175642262164334,0.03797178900240637
7844,6.91283137119349,1.6095043811727583,0.27409445608997784,0.05139757618565104
7845,4.621243774257824,2.5664852378357517,0.21246146980278616,0.08507932338852756
7846,5.380569035185964,15.104415058782209,0.23964589881580664,0.7664455078209932
7847,6.604141983328769,0.4135661335897156,0.3474535497370072,0.03269253499372011
7848,5.285935310221565,9.528310576385135,0.26670474618316065,0.4443831591538527
7849,6.0220775789089975,4.743056122014023,0.2968346729831875,0.16279954123926785
7850,4.861732737608017,1.0113403850853544,0.2824806059960964,0.0426736184814569
7851,5.13421357047925,6.118784427068616,0.13570386418965513,0.2265794556384653
7852,4.660405406623717,1.0969321720332048,0.22175397667170263,0.04451305637889498
7853,5.391638743964758,4.592157785433078,0.29568904700992954,0.15938515324764782
7854,4.005783906718632,4.438829865776026,0.19194598110632385,0.1431891282094431
7855,5.947135283718095,5.88526712044701,0.29058572614405237,0.2178244489572646
7856,7.340487059858346,1.1832024608652094,0.3979519027999369,0.04639426396015877
7857,6.474650916822452,1.9969279433771088,0.32933079611718447,0.07608192673873143
7858,7.097184974680204,1.5753740677962513,0.3295530965270815,0.050865908828089196
7859,7.476907617916315,0.7237028451819166,0.20982983982095157,0.039268999871351934
7860,5.9225896288268975,5.285853124032362,0.3359071307112855,0.1940793294389981
7861,5.4992863607749625,20.436598506030958,0.18881922149929947,1.1657875734404304
7862,6.236624582380499,1.0906972711722023,0.3103806414233978,0.04437726470365525
7863,5.7190620250842406,9.595667107295132,0.19464821413525332,0.4450225434623573
7864,4.679802323193962,0.7430291929341638,0.23252109689949477,0.039697694106804286
7865,4.671291989988366,4.3222077143460504,0.12175742793183311,0.14084917504486383
7866,6.983003149666236,17.65906690576167,0.27415924357677735,0.9455739976303689
7867,4.929062149391741,1.0696739329047746,0.1848092188043027,0.04392078074050778
7868,7.8660583659555146,4.298527609628558,0.3914172821155691,0.14036889638311015
7869,8.028787362734736,1.9410479281701503,0.46447480189564505,0.07490607379490684
7870,6.313774154149525,4.023362311868698,0.33658869480511516,0.13483811885592237
7871,5.401895571619954,9.841065352911208,0.3189364269529143,0.47637553935551563
7872,6.842817190676768,17.02328234380893,0.22024903980674015,0.9132379640848267
7873,5.653291862077762,4.625006353639565,0.1738035918772171,0.1601368611549596
7874,5.397015012801311,0.34409770982263804,0.2176649717253244,0.031219776294722716
7875,5.908810519520599,9.31257813261255,0.27597650333218077,0.39191179263868
7876,6.100506132324379,2.5473701201052212,0.2595095745956038,0.08477970839872351
7877,6.210385852471944,8.240877735349875,0.18106746148426459,0.3525300895225275
7878,6.063931448412366,1.6138359105571243,0.14584367634343395,0.05146495437297584
7879,6.42174592795088,3.0428998142050863,0.32057128137668595,0.09162914752375087
7880,4.002327700978809,1.03571058824125,0.2219683451592584,0.04319025542917644
7881,5.983476426325572,9.95886086045897,0.1621799191010623,0.48181051144404213
7882,6.458213460589257,1.0124604712105918,0.2795325624167553,0.04269720539924024
7883,3.5317185750071594,1.0076458567047348,0.13370173571011207,0.042595931362240255
7884,7.385247103907022,8.32718906034411,0.34085184334238733,0.356042501323022
7885,5.654481251534928,17.8704484248008,0.25017143434322847,0.956245317068947
7886,5.471412352853094,0.6709089878244164,0.2906389674969427,0.03825984820004685
7887,4.723543585587763,0.5464855550898864,0.25117320772285534,0.03597038010827051
7888,4.452272065700969,5.460731871328165,0.23771300590957775,0.19865351025533876
7889,6.140191343235384,0.4837301692943911,0.30066886497921447,0.03494058730598326
7890,5.892785252604818,2.5373187120945313,0.2788116591334284,0.0846211150836686
7891,4.387708278002205,3.396201892250952,0.23191185661628896,0.09467837672584832
7892,5.033647058383386,5.383890842179302,0.16800107207880657,0.19665947466774483
7893,5.064066943554995,5.7952651483992055,0.2570560964058539,0.2152717128262864
7894,6.452828000413894,13.122416081599622,0.2875788935114107,0.656688319354853
7895,5.41911280541875,1.0193898465489781,0.21908523031921986,0.042843473300328304
7896,6.458774905400614,3.050967374066747,0.31935836336604007,0.09173238058232425
7897,5.960534305565909,6.339954708951729,0.3088622764557432,0.2622564406923645
7898,7.262652987356348,0.5139282449971115,0.3764429748414749,0.0351073191812621
7899,5.1684165715589225,12.186102085559469,0.2679572799818314,0.6116219512546458
7900,6.795439334080517,1.9549092636070986,0.38106877430808683,0.07520079857018228
7901,6.244105624062072,1.2104631112630027,0.3132938820831153,0.046984173066818166
7902,7.1380465495330325,11.321001115519925,0.37266302639066956,0.5696294628084255
7903,6.24373443656362,2.1221285733264152,0.2852738446471562,0.07829683114166644
7904,7.0230122302431575,2.838732077125163,0.2603123284654543,0.08891557208508145
7905,5.377734445908446,8.963471825017908,0.18937290758335665,0.3790646210996969
7906,5.475159934248061,12.142079092600417,0.2031148211446356,0.6094933943549401
7907,4.518447902358985,3.4533423838222492,0.09404001295377577,0.09533102237615412
7908,6.138408274917201,0.5132323658038572,0.34135043418309385,0.03508842999555891
7909,5.579569215600572,16.021211526070935,0.27452377220612617,0.8161853837433407
7910,4.831018513664151,1.1351562692558104,0.2418923865244102,0.04534742675958228
7911,5.4506805936786895,12.38623077363896,0.18949549468946406,0.6212869582678037
7912,7.420362267206818,4.75526233482999,0.34191207934117657,0.16307128110612865
7913,5.418716751558455,0.42681841308162816,0.25455044598544496,0.033131000450326645
7914,4.542535759122109,4.300162657359855,0.19734377210721307,0.1404021122293588
7915,4.063805263868798,3.05686974604901,0.09404407476261131,0.09180774044734553
7916,5.833457040504803,6.369168609592035,0.36352463703646926,0.26334549218811915
7917,5.856758237066668,7.1059064223653,0.2683174399256059,0.28606801406472054
7918,6.090787711617737,12.442818603662682,0.272213712458318,0.6240165049492948
7919,4.811824904282578,4.686492578176964,0.09975750062802011,0.16153144233461217
7920,7.73004427839675,1.1574074935583645,0.39427471844098144,0.04583300575576604
7921,6.857037750817603,15.232446220555872,0.20085519110774275,0.7727464792505142
7922,5.342734527537146,2.220433120779738,0.21133804710065576,0.0801727146724658
7923,4.74670142967959,2.7193506625787367,0.23457121126914973,0.08738256517171665
7924,6.353285624128117,9.511468115095651,0.1935690297399091,0.44363459538364475
7925,6.080842880079385,12.088174455552004,0.29123142248919026,0.6068857714602239
7926,8.049746710667318,6.795627962626457,0.38791783910390676,0.275000280707778
7927,5.854891242594225,0.4370374797698369,0.3290559829337804,0.03346626129738537
7928,5.616958865736089,13.508662680447511,0.20158137628425873,0.675150996178152
7929,5.826907099750378,4.763570619958355,0.25360877729625814,0.16325585035648763
7930,5.760216061092359,15.055003607416387,0.2796619229699437,0.7640088460183289
7931,6.8042836344717434,0.7535058434401999,0.3682456537601841,0.039931426164372986
7932,5.707231891935815,11.379864012747147,0.2775557641877984,0.5725044421669995
7933,5.8311151116980255,6.5915344847452335,0.2088066921064291,0.2703948123023988
7934,6.818978259674721,7.030982214328129,0.30415649793812866,0.2832622684854411
7935,6.740452905185152,1.0278039100225722,0.32226417261903745,0.04302186661818798
7936,6.430030748270473,2.6444697124138776,0.2678495784922715,0.08627473645814056
7937,4.696112991494762,4.118519518230696,0.14683340787392454,0.13674928640220754
7938,6.9223264292153805,2.123250609215908,0.2905579502464885,0.07831869052928925
7939,6.678082110342271,0.443564603605068,0.26930376273158046,0.03367883199899406
7940,6.198452348468178,10.114339214985254,0.2697888285714921,0.4889239868028406
7941,7.43453337445079,2.6793525506003006,0.2753878870245679,0.08679552634440313
7942,7.046365565199804,11.104646554070992,0.3198303685392655,0.5590389127701786
7943,6.731060232676711,4.353357057810876,0.22793655003265745,0.14147835423274593
7944,5.323598083590929,3.4597527633604868,0.3059281604099435,0.09540386943429982
7945,6.712739853558722,4.238069067353922,0.23082536292141842,0.13913520129020454
7946,6.380093243927088,18.887794961772016,0.3448899676705862,1.0640162039054726
7947,5.836831279529862,1.5752656237388658,0.29945919324431874,0.05086420499637022
7948,6.137120593902998,0.582824676867072,0.40286835870101995,0.03689388578582797
7949,5.975908018724635,9.357839047214073,0.3235317564567532,0.3935318723520947
7950,6.3868089779102695,2.0657284169637804,0.2130485730972709,0.07748506425336985
7951,5.2666638816896105,3.408479987210079,0.29257434548345657,0.09481988108325223
7952,5.455212982125967,3.248594049267447,0.216171350046888,0.09317345910375152
7953,7.345962949344412,12.375284072951743,0.33295116398780605,0.6207587719380431
7954,6.753940042307961,1.4316739016058488,0.3704756450709844,0.0487958703146434
7955,5.811673152992754,0.7252784598804748,0.320846527570989,0.039303857242308046
7956,4.841575502393332,0.6955063863911363,0.26408196129527745,0.03881656923849933
7957,5.826329701716843,1.4243884627415473,0.17536756107304624,0.04867017660445001
7958,5.630027715727411,0.3412730779134023,0.20486253071293267,0.03109613247265791
7959,5.362410714232531,6.271633543543904,0.21265223940782088,0.25971300656134205
7960,5.47792868137517,1.6530696917961083,0.1930305666327544,0.05206891057634343
7961,6.379718189536905,7.078727612768283,0.20171933577682424,0.28504967098738343
7962,6.244322550505484,5.523392710303859,0.30747797460077425,0.1999987181346435
7963,5.0402440661079115,1.2403710019710306,0.22502369421193572,0.047625839196165365
7964,5.570236459080811,10.647650227414434,0.2954480802209564,0.5125412969791362
7965,4.962427264813353,3.073659288038454,0.18303680591657293,0.09202125993286495
7966,5.646102454065082,4.972311321341167,0.1682892176657094,0.16778520511506476
7967,7.1484155549996995,1.692466936659199,0.3137829901644529,0.05266313355195793
7968,6.25756190311509,7.6576270033688845,0.3933398055046278,0.3233053532467243
7969,5.404013814262577,0.885326334175205,0.20951464175754975,0.04213936816041873
7970,4.147382674021575,4.489125582974493,0.19386923506279033,0.15699868087134175
7971,5.217852866970431,2.147719715910543,0.2478096411693041,0.07879402960258884
7972,4.870672037044406,11.185911879737498,0.12197559285479981,0.5630213178364986
7973,6.8763268921245615,1.6042181165759926,0.46541098061554836,0.05131582575089706
7974,4.65336376543658,2.923123091691463,0.2246314649898634,0.09006262653231956
7975,6.020274586381737,5.686870323626434,0.2905463084981464,0.2041194553251717
7976,7.631792941418857,8.309876313144123,0.38816192530132226,0.3553401095853305
7977,3.5985680664598325,1.9006066659726493,0.14007512217021667,0.07403467156997298
7978,6.422704411056837,19.413024617455136,0.3046740150692618,1.092769621741769
7979,6.008991902783753,6.105445473441844,0.31049972664617564,0.22619244700373847
7980,5.813290252498309,4.767017681973095,0.19160228819019637,0.16333233325787533
7981,6.469615592913589,2.532745585530457,0.2655055760425909,0.08454870474904826
7982,4.9352145717360365,7.549723763101561,0.21903046858115133,0.30274154208346
7983,5.6353850176183915,1.1819693220454957,0.21372394101324924,0.04636748840145016
7984,5.779306364959077,2.6505390510734514,0.2804282092016713,0.08636595306015768
7985,5.372589046384962,1.7723027668247782,0.2508292592413269,0.05383083542076664
7986,4.518163917339224,8.568975093913846,0.14162238658773277,0.36572741360891015
7987,6.064883953399401,1.6179810322586718,0.2605456686588473,0.051529329135718054
7988,6.058148620585928,2.0037287214188386,0.3848627172333225,0.07622280600330744
7989,4.652595348626911,2.449347126294764,0.23047655180100282,0.08414328177508368
7990,5.932515370455315,0.5587641577852348,0.32989483962204663,0.036286462832697215
7991,6.91999070859099,2.71568810767371,0.2887270573989133,0.08732925099461224
7992,5.754305693476634,0.8866874805521118,0.3178437347740028,0.04217129872499073
7993,5.095903358823921,2.5354725201900723,0.23234083583301987,0.08459190192252844
7994,6.091900340256166,7.9607591329625444,0.31769959659056696,0.34096871072371593
7995,6.401346284729748,1.753289370351609,0.2813999789476964,0.05355713417617804
7996,4.8667121495422245,3.2247508109420173,0.3068813767210968,0.09288542797095231
7997,4.225798420854842,2.069672661518694,0.10800872724592839,0.07756433816286101
7998,5.130667568505224,5.919813145540247,0.15604234197010897,0.22102975360280708
7999,4.869631915324489,12.37841247077289,0.23987145298524526,0.6209097249324027
8000,5.965345962657813,2.8041857667903423,0.14281197701198198,0.08859363067332007
8001,8.706715961304633,4.381295921755651,0.5063226094641798,0.14204012720185402
8002,5.677758473364231,12.778122763169963,0.23018236089498964,0.6401607333670926
8003,6.503049487407499,7.522190500730793,0.3922584779367669,0.3017072493109026
8004,5.716654132837582,3.4600143117582722,0.33766502771433443,0.09540683927785483
8005,4.935585921491949,5.861124033656725,0.2578165891702564,0.2171411039356229
8006,6.047284101663074,3.894224511389998,0.2813986875933355,0.1321546521941942
8007,5.875656948375779,3.7563989683025776,0.37202521635233515,0.1291823535685178
8008,4.785655396092791,2.1777586685722734,0.28513520054628544,0.07936979819899706
8009,4.8448410588394815,1.2059816601342588,0.1693852959366427,0.046887507315715206
8010,7.681734378683443,2.1790167592172547,0.32126139235135004,0.0793937191384673
8011,8.32306899545694,10.3514015734517,0.44963801609074544,0.49965154581736454
8012,4.135270471939772,1.1517002948917434,0.12979467308267595,0.04570855030942522
8013,6.379108813819514,18.611639259726353,0.3605698826439416,1.0487104165233891
8014,5.9818254301952125,9.272706550266001,0.2654947303609688,0.39047611698342977
8015,5.883833685366019,1.6976092241791538,0.26172873629259735,0.05273976660279363
8016,4.962013259039284,2.1575552994345,0.20174149121596502,0.07898353116429133
8017,6.9527857664446975,0.6028356074823823,0.3661757404127187,0.037392066679896266
8018,7.521492018099326,13.939965756423257,0.4815320100240869,0.7084581635873555
8019,6.637421872641943,13.403382230008429,0.34564196217017756,0.6701280455845545
8020,5.312500775323778,2.7271109246129472,0.2963137149582166,0.08749523921434445
8021,5.608190277401964,5.802947396549037,0.21545250509710523,0.21549019182424772
8022,5.853988130269512,9.80333466495767,0.3302095150378033,0.47462585340245717
8023,5.721674369871805,1.6405605025105272,0.24754901462242926,0.05187764650474183
8024,5.5763095963472376,0.7456361219400308,0.30202328280819496,0.03975575061811953
8025,5.598901118067581,1.696457364847379,0.19519763172399782,0.052722619537733724
8026,6.596430777669961,6.826783283091186,0.30356414390818737,0.276161197788245
8027,7.0980819618193705,5.792808526284361,0.345313738161201,0.21520182356496378
8028,4.083099544156059,1.0872732784847798,0.13394501804979145,0.0443027608804752
8029,8.393654353975545,3.981235705221419,0.4682250800079874,0.13394649910615156
8030,7.6777175549168195,1.6695769226251609,0.3388665134252195,0.05231941888332383
8031,7.197747953703739,11.188968976255047,0.27339364717226144,0.5631710231887248
8032,4.230338826100698,0.7506230819974239,0.16825801404048313,0.03986699808064929
8033,5.81228264564212,2.639949170369677,0.2381538591759336,0.08620662978325232
8034,5.922471443447715,14.59984751518109,0.2636996852555758,0.741448758381065
8035,7.831194339378227,7.138913071389913,0.3274639904208628,0.2873054957309759
8036,6.063034737187174,14.653661691842563,0.22077197415773828,0.7441259166503595
8037,6.1446128473019845,8.291320663897931,0.32816080266487707,0.3545860776926129
8038,5.030094959765196,17.3128192425293,0.18372856959244416,0.9280115347114095
8039,3.7198438471892454,0.5511055274134264,0.0949693941708553,0.03608985193961522
8040,5.393661499930362,3.492568288113484,0.24431504776955543,0.12438946161278092
8041,8.042435926034717,1.4735488283151639,0.4559576902818731,0.04944858318375206
8042,5.3936232635954715,10.066230524226672,0.2968051945877365,0.4867298871634281
8043,5.117856258653916,2.840806547132829,0.2431355323858096,0.08894422374622302
8044,5.0560075098466015,4.172941009244533,0.21689541755666655,0.13787956341263488
8045,7.826016531194994,12.104975296045998,0.33050169121306033,0.6076986604545997
8046,5.910184970322811,0.47040278564215976,0.27896040865310334,0.034531080078355064
8047,6.438588306402524,19.46594816146228,0.3287823350584248,1.0956812116481789
8048,4.001376319898517,6.1217381981242385,0.2163710928185083,0.22666514124079493
8049,8.017854112703613,0.8151824498034648,0.40012836740465085,0.04056383216429536
8050,4.579665971989561,0.8816037668806004,0.1869659940817985,0.04205223292020431
8051,5.251530057187556,0.6930202191513318,0.2804425213054737,0.038760314479480314
8052,6.329338526559883,2.8413376674212962,0.284906268077529,0.08895155534087053
8053,5.489632691622538,1.955071600878195,0.3375593270192135,0.07520423831072844
8054,5.863261779502069,2.032794114306893,0.3210465058301243,0.07681948694289352
8055,4.472080940547652,0.8631668244066041,0.27668872559443014,0.04162476727091169
8056,6.464797642377218,13.699773567074045,0.2539619317581609,0.6842479707944663
8057,4.790443552845382,12.087410762328727,0.211433966917967,0.6068488177464025
8058,6.9405524945640025,1.6262886537756611,0.3777026349206362,0.051657946023475745
8059,6.001245748875502,14.173091178077279,0.2781772219396809,0.7201429729771647
8060,6.394688600301937,2.16802673459424,0.29478909282838833,0.07918423452861777
8061,8.15096976254365,1.208081169428933,0.4924302225767043,0.04693281041444383
8062,5.946275206656287,1.1120297936630994,0.27064051712069015,0.04484237272956732
8063,4.963372453652976,0.41066897787526807,0.2972244528809692,0.03259603849654874
8064,5.713353208243354,7.080251953144292,0.28342164853237584,0.28510676923963185
8065,6.103149825029038,3.2693078951247982,0.22368078941117817,0.09342199200764242
8066,7.173767826144183,7.521526086706997,0.21554312110900706,0.3016822859987342
8067,5.499725061254299,0.4823420270938262,0.17655932096106966,0.0348983554069308
8068,6.138047835511608,8.469326637541245,0.3372072358094424,0.36176522433428715
8069,6.488947514146581,8.483656502793506,0.23468227488842267,0.3623376119188965
8070,6.610534448860074,1.8308785240795027,0.26369096307342743,0.05455330627742383
8071,5.462814384087818,2.2814216889244094,0.3240963380655902,0.08124622112638598
8072,5.323119919787472,9.32257273568219,0.23196069164094216,0.39227042018361497
8073,6.195343069381807,2.7891436796026947,0.31626329380257245,0.08838215010323383
8074,6.627549942084841,2.6219733538028627,0.2557834842195962,0.08593438136590678
8075,4.080516690010031,1.0407172983356854,0.14057893961261145,0.04329724340161879
8076,4.9506133643641945,1.5380525762442687,0.2975060915401076,0.050420758168796334
8077,6.648484949825858,2.1952689791486937,0.2859206598776296,0.07970134589649897
8078,4.439326558905308,1.0071965225638966,0.18457644857307628,0.04258649480906018
8079,4.752507072691868,16.063042420444205,0.19268219012053547,0.8182315385996805
8080,5.220844337051827,13.852010964449477,0.2190381744939082,0.689447044130961
8081,6.061255002392916,9.597445071687616,0.25946292114009295,0.4451009953795399
8082,5.991954605008721,2.7191449311190667,0.1811922493585171,0.08737957275218858
8083,5.611886051883631,6.817037866144251,0.3353606661264446,0.27579793822124726
8084,7.365838267095201,14.857211749767623,0.44773771652237576,0.7542293568451286
8085,6.505306184379106,1.0396475121688762,0.4188328995625639,0.043274360471584436
8086,5.361632279656873,5.469956309244936,0.21342048601017724,0.1988912360581214
8087,4.7957433774659055,1.0716240170781073,0.2505012735523725,0.04396301431270031
8088,5.076643557593937,9.208055390049251,0.12708180233952332,0.3881310373699057
8089,5.221453219741286,4.737846479568014,0.19283066519069011,0.16268335350426796
8090,6.267103445976646,0.6227255826462507,0.34466526129291103,0.03772727384819563
8091,5.060863926379091,8.266807790835502,0.28406833419104816,0.35358807679269877
8092,5.879432765392882,2.0897929294064594,0.18781166585552408,0.07796629368516404
8093,7.749409485038222,6.158877703646184,0.23304089427190197,0.22774214433462833
8094,8.095970476830216,10.956124774115315,0.3601136523482889,0.5442331395306854
8095,8.592218160549173,1.975623253408442,0.4429003737178474,0.07563747539629495
8096,4.485655896211299,12.598404543003674,0.17045618067007187,0.6315139236576558
8097,5.786560663075491,1.949248430535805,0.20840343703088554,0.07508067925673975
8098,4.81945229365316,5.1651244766105355,0.1821684948978918,0.1908459621933487
8099,6.1946335580601675,2.052210550925214,0.32981460572059185,0.07721321753701844
8100,5.126304859429376,8.167351901430608,0.20522781403058707,0.34951787711893473
8101,6.599422808348296,17.44331588391801,0.22679288978219017,0.9346433388347244
8102,6.569202658169422,14.74850370116826,0.3076603272265316,0.7488381495709758
8103,6.545844810441782,2.2479852407053373,0.20972028801841974,0.08063927677902857
8104,4.037337672541958,0.4672210133183467,0.08958803641020871,0.03443196412552048
8105,6.729681115916308,16.268382394041815,0.32892745610934276,0.82824092836323
8106,6.655112494285059,4.71242335360266,0.25416411230458064,0.16211457956632455
8107,5.572091987190362,0.8425652211477325,0.28688842340876547,0.04115849129932671
8108,4.964984754983844,11.527734151671968,0.15165386957162247,0.5797156559246838
8109,6.09333749569491,8.161298245907165,0.22674229708176333,0.3492690956017035
8110,5.753221730654746,0.3533078130800584,0.28941660432539185,0.03163603760852642
8111,6.539854605113729,4.654376191373241,0.27478046531000344,0.1608050611097856
8112,5.274935360200523,0.7782858144236032,0.2812465993886074,0.040208474279926236
8113,6.971163868258785,9.236123334932774,0.35272765855312527,0.3891517617772975
8114,5.813729877181914,2.044550590594246,0.30208284762648663,0.07705835133235922
8115,5.527200216160548,11.85562944362534,0.325020724039831,0.5956194919674244
8116,4.013161962017945,4.4941747576626545,0.12839749881708462,0.15711662246388516
8117,6.405645094474779,10.991637954268937,0.3909427210821509,0.5534914195400862
8118,5.454404571395345,8.3497968793911,0.23709657190906205,0.35695804120055835
8119,6.40194135804549,6.608260803667869,0.2839019566770068,0.27101993907836486
8120,5.761935123776289,11.09656392101588,0.17382477835051618,0.5586425168947015
8121,5.840974045638242,1.7049995807719338,0.3109101819355108,0.05284952823293429
8122,6.716373008377562,1.9305304830220504,0.45349088732085,0.07468110307640735
8123,4.052091990939798,0.5486891805173929,0.11788030089614987,0.03602744980030614
8124,4.501462093339848,7.77666072293395,0.15873863463380689,0.3281522491680322
8125,3.8949275992280006,2.632510427360416,0.18752419646696855,0.08609424507937957
8126,5.673884390948227,6.607793638381813,0.22876411525175808,0.2710024745872839
8127,6.652034660590956,6.000459795474504,0.2738892631044358,0.22338089733053137
8128,4.445547691583493,1.11906795176747,0.23118418888244727,0.04499604644935289
8129,4.506796616188823,2.890839039619421,0.2159363583103751,0.08962830901518762
8130,5.132808667815758,1.5738992021620355,0.27545090184952775,0.0508427284072385
8131,4.612433684565025,1.5725856493131398,0.25147007106138286,0.05082206898744822
8132,7.058341379586167,9.888366249417446,0.28213020988259757,0.4785628943120274
8133,4.454251369422673,12.542637001177177,0.20244602799827333,0.6288278203362153
8134,4.528688907257926,5.092094832639647,0.14891936393861613,0.1888601620593795
8135,7.8003939442597146,2.1397165463926133,0.41627059501013935,0.07863912589045885
8136,6.281706856939606,1.0622987094181189,0.22351745052036623,0.04376129442410516
8137,5.758895375191256,6.771194909115255,0.2726268127499241,0.274090659498038
8138,5.517524881115864,8.757032576006935,0.18456936055780512,0.37308399043946466
8139,7.130472791407403,2.3842940270010353,0.294298340963921,0.08304992406680906
8140,4.4455977698927285,4.184691317006934,0.2344213184008802,0.1381225739639473
8141,8.171715946892766,1.1975064154046597,0.42065419039296376,0.046704341895026216
8142,3.9366325753783262,6.749781871287153,0.20625600907243194,0.2732940733130763
8143,7.790746773995433,0.8938803019092793,0.4301613995935513,0.04234065224739386
8144,5.961124998556078,7.547764116526175,0.2824931409115148,0.3026679402627938
8145,6.2415271962696925,6.205440193962408,0.2728456996705588,0.2572530164910583
8146,6.274261997628341,11.805018522538921,0.30681434855894957,0.5931636396762201
8147,6.102424815703428,8.604372029233243,0.32871964277841553,0.3671244622978649
8148,3.980764733055925,18.890242961848482,0.16436323815612508,1.0641517085766203
8149,5.405642792920006,3.3448639030244673,0.1955683953303998,0.09408171195792286
8150,6.617735923400731,7.221811781121262,0.39758788023274655,0.29041677322724385
8151,4.856454932252114,0.8805401252953587,0.2180751975053854,0.04202738727380432
8152,5.662458236016968,8.961199364940114,0.22190079620406855,0.37897894000908383
8153,6.854197494520036,18.790999694860904,0.4146896493673969,1.0586558041386356
8154,6.365648774949446,17.21938166857202,0.30625149892542397,0.9232530916452083
8155,7.960055339874815,15.62578062198287,0.2986911362145966,0.7919803333994994
8156,6.6606444404265375,5.214709033497602,0.29386795652578457,0.192181429272786
8157,6.826934504332505,10.0745107759479,0.276175091004571,0.48710796046725563
8158,4.744564022855552,1.9255199757368806,0.30515724536421224,0.074573518727054
8159,5.898848272990642,4.908021454844084,0.2963453138767494,0.16641269737655726
8160,7.86099016377798,3.4562582896614553,0.4531416000650225,0.09536417238491507
8161,4.91835441287123,6.757685402823608,0.21023194559961725,0.2735880271786843
8162,4.751667632267453,13.454543881541175,0.17313433261166994,0.6725699439264494
8163,6.295371793163349,9.055831017113555,0.3334418475628124,0.38252453096916733
8164,6.839899678678981,6.787164753674227,0.260996324897568,0.2746851219063073
8165,6.3933581349630035,1.2241361108916775,0.24881113115428347,0.04727828014755903
8166,6.999015816556544,4.713180014865204,0.24874259672260857,0.1621315501646863
8167,7.227035728263579,0.5632198183743075,0.39915501500386374,0.036400067106273463
8168,3.426135723524386,6.92672030303732,0.09732911268544747,0.27936674260045574
8169,5.5277012884634695,1.6895487086984922,0.19718469258106694,0.05261954963020003
8170,4.811969987338723,7.028436566153489,0.301766687238565,0.2831670273729031
8171,6.13224371288174,5.81785493822471,0.2625266614033348,0.21591383056302532
8172,6.1361180827568145,9.9468787594304,0.3301288786413462,0.4812595246890287
8173,5.485621960799922,2.9893660887904816,0.2801567679263066,0.0909373697041168
8174,5.099889268864419,1.636717889245282,0.2736819518522927,0.05181864922919376
8175,4.393249028200693,13.06134366352381,0.21680260800727416,0.6537609568645281
8176,6.043391397264417,5.744451158257272,0.1585502318871479,0.20554637943159967
8177,5.495385501922557,6.918004617991942,0.18309732100945358,0.2790416135790692
8178,5.348045332860667,0.7461989040469245,0.2947675662379019,0.039768292380739506
8179,5.309850482949369,7.2130224662615765,0.23937637023730826,0.2900867089586485
8180,4.661801238678302,0.8748458842987132,0.23187014022804225,0.04189476232795294
8181,6.276574607916634,13.613427596978159,0.17800437910936234,0.6801413753808393
8182,5.159211172053289,10.004915368774292,0.22746105899469488,0.4839245024808938
8183,6.65037326126922,4.3090528959468095,0.2324632134822359,0.14058257721099782
8184,5.356951518395588,4.302752798269018,0.2927542491259038,0.14045471443005986
8185,6.806633643974033,15.267938469518835,0.3656941137977959,0.774489844879747
8186,5.842510648711828,3.1448151633024652,0.2912311398578798,0.09238815820455437
8187,3.8053316440555487,2.396117229790409,0.13488060266861324,0.08325125484421
8188,5.625375396819717,3.1433266020676602,0.24377111879217683,0.09236970051564057
8189,6.1141492631570875,1.6439406558931435,0.27484969053680475,0.05192944854796363
8190,4.790874612543814,9.96393114857842,0.2218682299620842,0.48204354083460393
8191,6.4907089202481565,1.048490467603587,0.27145798243311065,0.04346387138363786
8192,5.136035986657074,13.165596429000686,0.2126867080013707,0.6587568356470671
8193,6.47817533410557,3.6575824305065052,0.29145977187296723,0.1276020296129478
8194,5.5782911983425665,6.838280785011274,0.21863129046409108,0.2765899096591035
8195,5.817776199169841,1.2093081863528372,0.2143152609859607,0.0469592736460773
8196,6.056987057000214,11.47370798415349,0.1844260101672076,0.5770827296823462
8197,5.115074561073854,13.404142322801883,0.20927414075727954,0.6701643371344269
8198,5.693316800939274,2.3029659127525353,0.2819799642897826,0.08163183204154542
8199,5.908169625381606,4.042488583686076,0.22617836027903568,0.13524155131061363
8200,4.364742589041383,3.9751848907281766,0.15874391530878237,0.1338816134172859
8201,5.789071008928749,3.712475057534292,0.28111598091911744,0.12822687420477114
8202,5.480914226667627,15.206715865306018,0.15962683295961352,0.7714816868732557
8203,5.150572030627621,11.287787363862467,0.21769111652770498,0.5680060797155654
8204,6.091144716269004,17.61995404043519,0.19396128312957728,0.9435954115695279
8205,5.87216606891105,11.104871512081283,0.23817774228399152,0.5590499445607539
8206,5.044606864821,3.239559723063143,0.23630224558926055,0.09306457173948168
8207,6.936070764401489,1.9944709498795667,0.312746670183627,0.07603091127250727
8208,5.398486207899306,7.4949314867373,0.3189814070403575,0.300682926691554
8209,5.276297795968721,8.134231020526205,0.2789169239944323,0.3481553577560782
8210,6.053228340084826,1.9137548083799805,0.32912111467127153,0.0743198636640306
8211,5.394180100950097,3.5399494793499593,0.22683551204191607,0.12520723393869992
8212,6.109890558770853,1.1299542093988015,0.28765144284095506,0.04523381237321672
8213,5.859150938387206,12.502499404329885,0.2533163278392714,0.6268936935498305
8214,6.47143026551181,3.1298357877267997,0.279074450782207,0.09220200278310596
8215,5.066417671408203,10.63601045298503,0.2322353550194661,0.5120250970178628
8216,5.110968578918288,14.96892980576783,0.27440296345895376,0.759757987195368
8217,4.244092951116117,0.4171767084451005,0.16006820117216905,0.03281250986603375
8218,6.239983837119736,6.9934690471426135,0.2841072818798704,0.28185940462047204
8219,4.7948559458938895,1.4845621186772209,0.23547067595793578,0.04963235777556545
8220,4.511631418609829,4.138284450843213,0.19410435710366844,0.13716067925234898
8221,5.919081083372501,3.33102098687972,0.26132255475787064,0.09391938942388704
8222,4.34709563129244,11.363795881113017,0.18694825513275498,0.5717198997401347
8223,6.07613684499773,2.4176925642392058,0.33819104081434975,0.08361557159192881
8224,5.774037335162867,8.154585636045825,0.20819619585171403,0.3489931005085599
8225,5.682268719224252,17.8492047057802,0.25067113091721305,0.9551744663902574
8226,5.0736511011727465,8.082478303404002,0.2668642201712628,0.3460198269816314
8227,4.370360089407511,5.0152821519580995,0.18024181696438674,0.16869120089877399
8228,4.972155117417977,20.88204756616176,0.2651960717487086,1.1907911871242916
8229,5.844768841080044,1.1033225969575167,0.2676946901390526,0.044652375020444356
8230,6.16896742288933,1.5825400643073992,0.2533167552286481,0.050978294071764754
8231,5.755542869950134,2.192403181336094,0.25264107288903065,0.07964728790537237
8232,4.864667658343266,1.1122050264377141,0.15908823212116957,0.04484619799314771
8233,5.786313545680559,1.0522334150085126,0.2478663310536996,0.0435443226021148
8234,5.225324597388743,1.711517828380023,0.3004010560853728,0.052945972653582585
8235,4.892460771841221,1.610371817761667,0.10514624856323974,0.05141105305811863
8236,4.299333670301885,1.0668224068595533,0.186734658156142,0.04385907111570955
8237,5.815390713158455,0.6663262150481826,0.2608577333226027,0.038155946167055574
8238,6.139808163238825,7.166763023122573,0.22340798500709366,0.2883502530932765
8239,8.421241938784139,8.427214478821512,0.43453152134093914,0.36007819952681797
8240,4.236783746887663,5.172535152538182,0.23517930435966924,0.19104621651500378
8241,6.494598307489057,13.251829639933153,0.41709935353270217,0.6628845812880977
8242,5.2024273000137935,3.2769192798672235,0.2785418562662409,0.0935122997682303
8243,5.66246382379353,0.8795330334020744,0.24021181694335222,0.04200388357919031
8244,5.1163164594583,1.835239056814863,0.24161043241747968,0.07258977990378179
8245,6.335382534879812,1.0476860575277238,0.27482751900429553,0.043446599273836636
8246,4.05839814563834,1.0571795987396881,0.2404484774669768,0.04365083853017091
8247,7.77315923522435,9.241366580538743,0.4655425901822111,0.38934199196037594
8248,5.906940280475259,1.0003742222767973,0.3522927814917588,0.04244353818113518
8249,5.3484650029686645,2.2501406689988555,0.36195164032562305,0.08067871656016443
8250,6.251078427537706,1.0680016966375137,0.2884714498649058,0.04388458514257416
8251,5.607482900397651,7.568815187158919,0.29908050039333633,0.30345847840022216
8252,5.348585912483377,1.2019528129661556,0.21240873947472014,0.046800493510614286
8253,7.011649473553746,9.792151813902283,0.31937658274348574,0.47410642275102594
8254,4.794661722753267,4.547094713601811,0.22375610618154454,0.1583466284299804
8255,4.999245423113657,11.301733182338534,0.2146582952710707,0.5686878105109169
8256,5.42841496199219,11.811733680829825,0.15560181540927184,0.593489570683541
8257,4.962650629389425,0.4518063995936475,0.21086268038440434,0.03394439943243517
8258,6.159832773771966,3.7963008183166305,0.3112255620901453,0.13004692838793486
8259,5.406350564033128,10.78277540125453,0.3082495859944414,0.5185145829413045
8260,4.50989927584597,6.3305112623653645,0.20046790034430362,0.26190459904177804
8261,7.076789518048045,11.873171713220893,0.3395239214506498,0.5964703805784305
8262,5.118748238870961,10.618228728541737,0.19962401280409722,0.511235996762878
8263,5.648067813080889,0.6864731928503499,0.25670684611639083,0.0386121939555276
8264,6.243350697666903,4.155739367399014,0.3052024784869818,0.13752314520788858
8265,7.386519990208142,0.5134645714714237,0.327781987181825,0.03509473526084897
8266,6.329339704310932,13.005076444633659,0.4365702608583997,0.6510621705949057
8267,5.3262864382254955,2.8596842834223164,0.254087852655838,0.08920381795532589
8268,6.787948601806558,2.8452804780188035,0.43516447002301956,0.08900593106177454
8269,5.330836887883396,1.5313276411683732,0.2576487894719289,0.05031200888677709
8270,7.271440426816352,18.04822188293594,0.3100761070518793,0.9651930530501451
8271,4.190544100804111,1.9747924156856747,0.1866017517089578,0.07562004671897157
8272,5.0501610223508715,19.812399902484692,0.211320857932077,1.1147010228084844
8273,4.860463760507824,0.7827046922465956,0.1837363588389028,0.04030584121123994
8274,5.847651878733861,1.1951962320549736,0.2928887805943151,0.046654336305020166
8275,6.546587706376068,0.351847992339712,0.3740396255653083,0.031568704788513945
8276,5.889976841533853,0.7798885126907472,0.22826786762899628,0.040243759697788956
8277,5.533919003520874,3.3533817063447673,0.33982771612534785,0.09418128229733823
8278,5.066184616976076,0.40879285005460825,0.29573163676852876,0.03253345515535697
8279,5.7766673323118995,1.0748666427872124,0.35427931957998304,0.044033295561185536
8280,6.807431036803002,1.8567930188973323,0.3252007970909669,0.07307122341287425
8281,4.392186910048967,13.664679532425595,0.2427761736325339,0.6825796313247781
8282,6.017662714002899,15.42819285379825,0.32598308441077434,0.7823426011345488
8283,5.925155628523801,2.8543474502103545,0.3363577038064039,0.08913063584826378
8284,4.81327887587602,2.1923700665128547,0.11796181587184937,0.07964666278916196
8285,4.805894428584204,2.7844673252871224,0.19132705897179106,0.08831612460634689
8286,5.430676178788622,0.574442321137216,0.24962045027753843,0.03668387231505806
8287,6.148922805420893,0.5996232546547327,0.26552409673372895,0.03731253676447197
8288,4.522966671533772,2.6765692978074527,0.1948346050721343,0.0867542790659214
8289,5.220534024653956,3.154545957158104,0.25226899683260867,0.09250859481124504
8290,4.059454358062241,1.7799319310220119,0.2659056229759997,0.0539398609782307
8291,6.747871583698194,5.6405603801459625,0.2784306935175492,0.20296274494640285
8292,6.7940536850091044,1.0811658659962413,0.3026176211040226,0.044170007011453585
8293,5.19218578638923,2.166259466902955,0.26916332730486364,0.07915043744506448
8294,5.084471353462671,1.6347130377702652,0.16670032516872846,0.05178782231833967
8295,7.3614481073500135,8.819552328254566,0.36905657853331386,0.37549245432298484
8296,6.866398580560555,9.642807581988862,0.280628139126361,0.4470989756324723
8297,6.479676569802275,5.0510414453851515,0.29747966800974235,0.1694381605587362
8298,6.548382969009263,4.599476708227116,0.27763136400935023,0.159553033404196
8299,5.177579459091598,1.809285630589232,0.27582843901283854,0.05425398644055277
8300,5.202922435267737,8.035714130986157,0.26979264558646604,0.3440836914600922
8301,7.016852247922601,7.754614759710989,0.32963797410318585,0.32725623214922633
8302,7.305195745136413,3.6178863729637807,0.42932277861357837,0.12672846348688244
8303,7.411015455075037,1.1832559146567738,0.40512098620719195,0.0463954244785692
8304,7.204044648443319,2.278817686490128,0.454761825613001,0.0811993248303794
8305,6.838906151380903,19.095333928567015,0.3138342644557333,1.0754930669306344
8306,7.10651967611987,3.9914592964858753,0.26609047226876265,0.13416326274400484
8307,5.583802929849622,12.498308954919839,0.23145901961115667,0.626691725345833
8308,6.4334288784512745,3.813232118797058,0.21496276599126043,0.1304127976953873
8309,3.965664229900948,10.800953621913878,0.19630379753883667,0.5193155083896611
8310,6.402719206032457,1.6073215971523387,0.4074322199212593,0.05136384660919005
8311,6.637946433677503,4.279235500993769,0.3313554869115448,0.1399763823200925
8312,6.144560251566156,5.938441843591136,0.25003569042507295,0.22157345942376144
8313,5.661760612604369,3.227212413515627,0.2443596963675164,0.0929152632049176
8314,6.887869994644592,1.864958221302986,0.3092550046635152,0.0732523006860712
8315,6.244324401055572,11.626592017107852,0.28512147701704427,0.5845283706761099
8316,4.889403264890093,2.5721154919309597,0.3289591678731184,0.08516711385447664
8317,3.8620975592729283,1.0069461313298198,0.161520961553864,0.04258123741675125
8318,5.775974811905754,4.93032931847426,0.35723120477336473,0.16689124320811863
8319,7.167330412887261,13.202370158118505,0.33558855038555085,0.6605176198077908
8320,7.902962929346331,15.586295647166441,0.4544354374964424,0.7900585198832618
8321,5.85770522996827,5.025700128979255,0.2938772272723302,0.16890947342691778
8322,7.01474017663753,0.3659780439873355,0.33581994797817255,0.032245078704952315
8323,5.356226006253462,1.6652258703760423,0.2498776974913485,0.05225360285260103
8324,5.733388288388184,0.8429726033269893,0.2996926351180666,0.04116744862741302
8325,6.06788428671818,4.4232062771577505,0.26409540208699883,0.14287817461435923
8326,4.9883394779930255,10.754226394319637,0.24210968215350312,0.5172554693077317
8327,4.772717766582444,4.056721505556383,0.2195939380740696,0.13554119675103718
8328,6.072562469549565,2.6326978860446935,0.2283685829500959,0.0860970819984627
8329,6.342063936950076,10.534796899338144,0.29908062998875967,0.5075250631500606
8330,4.587818222257548,2.1591920836362077,0.18572050229824255,0.0790149742220355
8331,5.558168882297227,5.935334305082136,0.37176290151694596,0.22148278861259482
8332,6.943526280561607,13.666595573555266,0.28867658504138155,0.6826707441797816
8333,8.031527138888244,12.29869983725916,0.376554323027059,0.6170620091349927
8334,5.132569740625665,2.1661988255605027,0.19983220376233815,0.07914927720021173
8335,5.749586844814785,1.808148464422807,0.29371995930668043,0.054238125095975684
8336,4.825877070038364,4.615432784430073,0.1846106391810112,0.15991825048897212
8337,5.326766459237116,5.818105099039596,0.20294161180879575,0.21592093596774495
8338,4.929435828150859,3.334098424871264,0.18374768458503274,0.0939555299689004
8339,4.461008611212184,0.6711650277805099,0.24869410272875334,0.03826565037158177
8340,4.9164459100276,6.754900461865288,0.19128170558518118,0.2734844390063276
8341,5.802904802189661,0.8545130918480505,0.23678454879527333,0.04142669860415906
8342,5.687250064376845,7.63556278654999,0.28351375855500066,0.32240479261703586
8343,7.193851753461742,2.866993495116866,0.34228042809380804,0.08930386281482197
8344,5.14717226634041,2.0574581963723317,0.27329775701021414,0.07731896418684708
8345,5.3398508609790545,3.4851543348826683,0.2613710677045617,0.12422294026696451
8346,6.86910405844762,13.208262266110289,0.23562801557484647,0.6607996710501562
8347,4.223672330894817,0.5257238774318762,0.26161800396198426,0.03542456485906752
8348,6.2625520674840205,1.6032234895453998,0.23133502492003596,0.05130041971564952
8349,5.764589554914159,13.161169634882857,0.2973667656999054,0.6585448219257702
8350,6.462572285659886,13.333464315048733,0.15800725187559442,0.6667881151915793
8351,5.5651751627252635,1.6306841649883257,0.26314373614017195,0.05172577921947441
8352,5.615572972467272,20.73788572363445,0.28192545890009446,1.1827105824742035
8353,5.374323961168394,1.2163236509447368,0.25278131317523383,0.047110386829955275
8354,6.569126622356644,7.4082403345430965,0.3914402930246742,0.29742391902763654
8355,4.898847655860634,2.381918272653692,0.21866861614459973,0.08300932339024042
8356,6.679828715531229,6.9081048458924235,0.4077182244755391,0.2786724144962944
8357,4.49750903393694,10.42765984757117,0.2850963515745802,0.5030747027493871
8358,5.495742892053113,13.48815347807442,0.21277943697552523,0.674173109651763
8359,5.811412174081583,0.44568185355687495,0.2989868638242891,0.033747365485379814
8360,6.169602842504249,5.53707246554023,0.3340158305805548,0.20034760528829462
8361,6.629204458577491,9.911854952800997,0.1851933402729045,0.4796466080990734
8362,7.022956872538969,7.665219886414202,0.22323006003570525,0.3236151252993455
8363,6.4886841164070965,6.489222697465453,0.2529529106511406,0.2665785197766954
8364,6.208220052279267,0.5598558276238451,0.3398567796983148,0.036314348171287675
8365,6.699994609390244,0.5137043544754823,0.3234102045518024,0.035101243972240515
8366,5.37986004117787,1.7061290897141763,0.23634423066139335,0.05286626497867895
8367,5.027782069119149,17.442932395233,0.2328651188455201,0.9346238731864531
8368,6.016723588868104,4.678475773201195,0.24356880244877685,0.16135055118429095
8369,5.905634688498684,5.609645126237974,0.29603630615691506,0.20218594519193125
8370,5.591091737095991,6.183714439447836,0.22975558993057937,0.25644641867025186
8371,6.961989746303256,2.3114223446901003,0.23564012795651193,0.08178203407103579
8372,7.229264069619982,11.942499517474946,0.2769982246297092,0.5998314825459515
8373,3.7099104277941684,7.229640464336497,0.15637311709195498,0.2907107962396401
8374,6.083234453190939,9.152296803612945,0.2761317127470349,0.38609130280559956
8375,5.687459438526278,0.6291145567580407,0.2830787766556161,0.037881619495212994
8376,4.282103202111176,14.999259463742561,0.1706491838470862,0.7612567418228056
8377,6.7961367869687255,2.0266844897411316,0.3153847720328998,0.07669478973923648
8378,5.87506797395361,0.6931869074669895,0.35480437874017273,0.038764085921534366
8379,5.110869631205048,16.130857145383246,0.2487120284759832,0.821543550488285
8380,4.543906531293314,1.1317042342072785,0.1497684891381115,0.04527203491609508
8381,6.5070549613727575,3.748594737165131,0.3289995638619536,0.12901287432758177
8382,5.37135192855379,1.5920730076010419,0.22153964495711623,0.05112717710935234
8383,6.780480864738017,14.22921531428247,0.3395798968322638,0.7229517582226773
8384,5.041568546096488,0.3630698745476954,0.13569062863603046,0.03209942627469924
8385,4.563462403555515,1.9361689315271102,0.21654436904587995,0.07480185523357835
8386,5.846225182122029,0.7759076827095598,0.2579206910793655,0.04015617554942767
8387,4.77728657691011,14.647553624234199,0.20404659843023623,0.7438221720917383
8388,4.6301448664859866,10.171826175582392,0.18588412693559953,0.4915379628346233
8389,5.704884228182205,10.06099337111657,0.19401277624622415,0.48649066626637333
8390,7.510297711439003,1.8410947788502,0.3331083479107377,0.07272106395853582
8391,5.408069779861003,15.454258967080307,0.28488991658233903,0.7836169519474763
8392,3.320791681420766,1.2915333350705698,0.19759435910957704,0.04836325838143579
8393,5.3392490672913215,2.919454497786242,0.16322558278680951,0.09001355363979742
8394,5.409292972517872,7.6846898174030684,0.21501468624090747,0.3244091178066915
8395,4.880003004205178,1.1418774962308413,0.18952572699261813,0.045494186907328045
8396,4.965606633674169,7.736968801812291,0.2020430297258809,0.32653845608195714
8397,5.9562982860495435,17.47125936067943,0.3988499155225295,0.9360613718941359
8398,4.402008231474528,1.5261001261687603,0.2814572860271131,0.0502272264498678
8399,5.223391454913538,12.96518232484267,0.23094809454264734,0.6491477125849375
8400,7.032920609297141,2.7871011653957463,0.2639797398254157,0.08835332822204114
8401,3.5721438746123084,9.948594511106183,0.14382581350089033,0.4813384473153688
8402,6.261120719316973,2.0246408539799767,0.24011385973702612,0.07665299301039909
8403,5.102177703409741,1.0325852236403503,0.27630821922740795,0.04312360962297185
8404,5.2167331043260265,4.6876610171896,0.20950427733906457,0.1615577831514778
8405,5.841839992408626,2.7590665084599766,0.344049062898339,0.0879551388420695
8406,3.8987758741790475,2.9778006867816362,0.1627580815432267,0.09078612113251475
8407,6.684469400287081,15.975197300852225,0.26243955034442906,0.8139318908782515
8408,6.923809177107225,2.016337814061943,0.3597677478360353,0.07648273303720102
8409,5.424354599054194,0.8641702456132877,0.24658454607007668,0.04164785864183892
8410,4.304001286256679,8.330813625536404,0.16674840972823782,0.3561894125700325
8411,7.022990837502874,4.8859785822838475,0.36242356819186,0.16593744906173893
8412,4.786847846206925,10.843813943742628,0.245750416658356,0.5388977505220969
8413,5.410213073082788,0.6687661750074231,0.1259430522984339,0.03821127819016418
8414,4.7984536287209965,1.242145483347096,0.25056880731474646,0.04766371652916419
8415,6.154766323709341,2.824605504567262,0.21788034227288888,0.08871979602689567
8416,4.310331636219819,0.42674074850503774,0.23848125838286738,0.033128447514538834
8417,5.154751906391072,3.945307019297467,0.15057365340930579,0.1332459905515863
8418,5.289764550705694,10.55186781734944,0.15773243780416038,0.5082855042056307
8419,4.722187323015691,7.345706281345495,0.2472348352144951,0.29507268432043426
8420,6.563808150182985,0.8454958733307586,0.35092464147219876,0.04122392814113986
8421,6.473407438246635,1.9709534428417719,0.30668490046276853,0.07553942196765577
8422,4.229066174535489,1.7083179550861443,0.18368111556500527,0.05289866977325205
8423,3.7370788639026005,1.7927153244658225,0.1319157374851633,0.05402188442160888
8424,6.916298915077598,2.9924767545725617,0.33451894258589665,0.09097793867549842
8425,5.800875028186904,2.917966148216555,0.2288057510314824,0.08999362444504502
8426,4.541209590389827,2.0298830033456663,0.20294359016819427,0.07676011943002711
8427,6.254151764108893,2.8463627111067473,0.2218304512608825,0.0890208405890554
8428,6.651791975758334,2.673436534900202,0.19050295464204198,0.08670778922354389
8429,7.634514917872669,1.4293013719540335,0.483595581988458,0.04875498474953463
8430,6.349534848116018,0.8899589060841101,0.3861563367359108,0.042248194584226254
8431,5.8060287874578345,3.3693940430240787,0.26860579989346195,0.09436783473840771
8432,5.266060398387254,2.0017790632767545,0.29374050016472925,0.0761824677275452
8433,6.413349980417515,0.7750340670685555,0.29891648288729494,0.040136980664827626
8434,4.927391302468108,1.1689980770709663,0.2224943019645273,0.0460854812446979
8435,5.3683977126999824,3.4887807179666033,0.23196585837324338,0.12430440563566682
8436,6.184174403446288,1.208435449987569,0.19672498754797843,0.04694045223719495
8437,6.333566323661853,7.272759654960095,0.3567339810659413,0.2923307319925132
8438,5.180611927340007,7.702166835692708,0.26163896795606567,0.3251214046464811
8439,6.336766625133834,15.19741042887925,0.32991998953090046,0.7710240822363433
8440,6.379127547296206,0.753257336246556,0.3200756752942144,0.039925868526881084
8441,5.831997384781203,2.707234159160102,0.2360115186099494,0.08720585500053632
8442,5.169927633388994,2.008219455517183,0.20565997419308532,0.07631556853801115
8443,4.484687673880097,1.4993214700877378,0.21296881780160412,0.04987711192956073
8444,6.864551614384638,6.148272000442183,0.2793729113210425,0.22743465715907912
8445,5.174392951874585,5.20995652360615,0.2169845538594581,0.1920538809596675
8446,5.4461606296905245,1.136354873451713,0.2744637206044714,0.04537360207878244
8447,6.08964840144155,8.23267292338042,0.24827136761777469,0.3521948401154685
8448,6.221470045110574,3.463314495871387,0.18573571457202623,0.09544429648894912
8449,6.7343606012739246,5.30742431489124,0.33631314425464565,0.19465053115300335
8450,5.817206738772946,1.1031386524356859,0.15787598497390457,0.04464836313077816
8451,6.030026067724073,6.999079138378615,0.19796226355882027,0.2820691157165401
8452,6.526153573718552,7.893671342429521,0.31319511444278875,0.33289226082997686
8453,5.080829086118288,6.848186766303505,0.1910798265005262,0.2769594016781556
8454,6.865498881235703,1.9613676096565393,0.39910613763489655,0.0753374305055348
8455,6.106896574508775,8.887010724439634,0.30981920161667353,0.3761673168391591
8456,5.434466465663339,13.5749224863002,0.2570671817407383,0.6783081829717255
8457,5.8973890891310345,2.9624508608846085,0.24654671195927097,0.0905843611652776
8458,6.287846386707197,3.5368232572682974,0.3517065657579869,0.12513754405941796
8459,5.309675473470752,3.771739109532221,0.22493700512467746,0.129515122751949
8460,6.759375821138336,8.985730276833447,0.24760551260868868,0.3799024607961636
8461,5.242623359763603,1.2275348262318275,0.23856089364489647,0.04735119077817214
8462,5.981471580282618,13.535152134851238,0.26270634137450516,0.6764135716917511
8463,5.514445277503362,1.0318520337372858,0.2850726576234605,0.043107990864412526
8464,6.452713158782397,8.575950211546033,0.28829337217995654,0.36600313820490255
8465,7.802598541019363,7.929595081211604,0.3544805827946859,0.3396697178972226
8466,7.644943160802523,2.1683594335366014,0.319383075353614,0.07919059360368173
8467,6.57463607707674,15.725147931019613,0.3384390838810057,0.7963641271277492
8468,5.955335547689068,10.495304067767579,0.2220800255378511,0.5057635083785204
8469,6.2671478630775335,15.199901838934212,0.34945583136258723,0.7711466097856778
8470,6.12414478401928,14.23776467904776,0.2284889820554122,0.72337945788704
8471,4.750424204980296,2.2390368307833404,0.14000452169698804,0.08047507342168463
8472,5.870530646350216,3.033071011613386,0.34742135982655226,0.09150313841008825
8473,4.188513785252653,0.413511246586489,0.20564118505064313,0.03269070863646465
8474,7.234928240812275,1.2730953238020057,0.32081413255476093,0.04798584093911677
8475,8.380498398243915,6.476280869199862,0.27723508960429644,0.266096680269937
8476,7.006062844493212,15.006049299720253,0.2452483065859136,0.7615921336748831
8477,5.065515672406457,7.734787207981774,0.16953142205582147,0.3264496814854148
8478,5.466949423695445,6.4472617894360456,0.2554389597528114,0.2650169757485949
8479,5.455689342879776,5.082200652060783,0.2651445305561867,0.16976723237613675
8480,5.172734793756347,0.4505650865387174,0.27402880683978087,0.03390461307030171
8481,6.160578268514602,2.0261073863906547,0.31744363277303317,0.07668299112038557
8482,6.224297783318807,1.2001463495014402,0.3171822719194977,0.04676144445989928
8483,4.155072376427097,2.161415109816774,0.13595346819548046,0.07905763683917956
8484,7.165446491547035,4.536748520011709,0.35569509148551376,0.15810702506370575
8485,4.691224153844639,6.864259457223295,0.21024187179496587,0.2775591531247576
8486,4.560884556023919,4.813156881962569,0.1938795954531443,0.1643507158885886
8487,6.144714828111602,1.527314399162035,0.2958047965623713,0.05024693953271102
8488,6.714046045273054,2.380671713855421,0.26117212373967524,0.08298800069299633
8489,4.857180262746113,4.441777209153112,0.20118975389345348,0.1432476985985465
8490,5.19114618884109,3.8382391617503493,0.35354158219553694,0.1309520861899449
8491,5.5171624523694796,4.954679268992507,0.22123101972116857,0.1674108073712431
8492,6.172418984824929,8.542193841815688,0.28532234554535724,0.3646667617998857
8493,4.99909862678572,16.018199986009463,0.1443784064501485,0.816037983778185
8494,3.9759686714415547,7.941609667329137,0.1542276528450324,0.3401707688803738
8495,5.906743575063614,2.5395841643982497,0.22730962120338719,0.08465692690164854
8496,6.420540558543872,4.683763692956981,0.36255590953257294,0.161469899803809
8497,4.656895339230735,9.937233893464471,0.23728263349001333,0.4808157141263608
8498,5.997956156946436,4.935286424157881,0.3290712622165001,0.16699725122755055
8499,5.045127938788016,2.6039932304676108,0.22255435251087774,0.08565976448808255
8500,5.550986429713594,0.45242259031879867,0.22908149899943894,0.033964121088813456
8501,4.963053157115767,2.958804633749927,0.18343194450115397,0.09053626432694545
8502,5.646813572458265,2.9509398687424118,0.27772374702367375,0.09043242972741888
8503,5.874967562681192,14.623616868096594,0.1985741532911559,0.7426315351764915
8504,5.3266853184686225,7.697437684660682,0.26191641068216337,0.32492870715201533
8505,6.315474169705378,7.525478275889944,0.23381614545620788,0.3018307744380075
8506,5.710503048084141,14.848841989747465,0.2388342335781077,0.7538146658677507
8507,7.037198413011376,18.48866664483267,0.32155512919947016,1.0418822761754165
8508,6.8593045699553,12.404439663847892,0.3209659107840079,0.6221654312039816
8509,4.528270571272203,1.2890370124937711,0.1040362267747757,0.04831231852419209
8510,4.105631715636027,0.5734365987813089,0.2152423654345187,0.03665856681832044
8511,5.41651042696503,1.155496704750759,0.2830497648317089,0.04579134655486306
8512,6.154021512745984,0.6751206183394315,0.31477801911502706,0.038355256305446075
8513,7.121885134842377,13.58774689128072,0.2985873851054053,0.6789188675340955
8514,6.96854010028116,4.434972896213142,0.4204463311818035,0.14311243818104827
8515,5.978929300041092,15.987155196218673,0.2528440256865057,0.8145177870430756
8516,4.474497882712079,6.8222451484264255,0.23881258158023086,0.27599202528998873
8517,5.409149460917373,2.4235404313236937,0.15499232817618322,0.08371366404207617
8518,4.217598536339774,2.2906775607087346,0.17928931547920438,0.08141240843753217
8519,6.206456891442742,0.737163179956785,0.24335746072700792,0.03956728065187961
8520,7.309444448910351,1.639100570563219,0.27937249763914984,0.051855245070116185
8521,5.5212143142996615,2.2504779967530855,0.30728823386795284,0.0806848850061325
8522,5.366380073222039,4.394786844558162,0.17412512301098967,0.14231050992179017
8523,6.1344554574764585,8.241699654226917,0.295750715287339,0.3525636606014552
8524,7.803547813290872,4.453148228703224,0.39843779456189204,0.1434733967435983
8525,6.583347655754767,2.1798959217175877,0.2918048520365492,0.0794104260726123
8526,5.9097325015983895,1.1808665099258042,0.21117167794480002,0.04634353740762119
8527,8.171414293276229,8.211965065724755,0.4099898539050188,0.35134770870510934
8528,6.087049988296209,8.968587453167526,0.2261551280813575,0.37925740481923154
8529,6.587783363430414,0.7284276371329733,0.3606025260134084,0.03937356829343625
8530,6.291590259961561,17.510256586257597,0.33412370829171084,0.938039165096268
8531,6.505094646686577,1.1846155285768174,0.21099799323897314,0.04642493862796599
8532,5.415153500475583,1.5093670661111864,0.27709212895617646,0.05004269717628723
8533,5.1033429096384255,2.625622262794457,0.3125922560514716,0.08598983014816691
8534,6.146299294838107,13.423416687120431,0.3103012014607259,0.6710844849219277
8535,7.534138041591687,2.328084714540809,0.41099029030591216,0.08207609929869572
8536,4.175403836068234,1.1528113261702209,0.15951936278811166,0.04573278437676499
8537,6.095322953908149,15.919105957794624,0.3372905603284408,0.8111810670634554
8538,5.604823218829286,1.7441360217701452,0.19448258072979163,0.05342435230595872
8539,6.383206708023265,2.3815786479830447,0.31224094792502527,0.08300351535800451
8540,5.130215162559732,0.7547843624794004,0.3244969913240809,0.03996003021714473
8541,3.1295925853256574,13.164392472215662,0.14720181099415944,0.6586991752929455
8542,6.843516686693525,0.42128677040426665,0.34042015081781113,0.03294864067616573
8543,5.57222495131643,7.065634566217056,0.3344725678884112,0.2845593174791836
8544,5.880191228232028,9.491029471071888,0.305893815696903,0.44272487581673126
8545,6.871356516493813,4.410525129928515,0.25247417615688134,0.14262519745006366
8546,5.309972171403039,5.174200267389185,0.2695854773828233,0.19109117998625402
8547,4.12189868847102,1.0944496844746978,0.18880213531388534,0.044458971736323405
8548,5.9816141791243025,10.700955344698423,0.14753694873031895,0.5149018789546995
8549,6.525065143751148,1.9750494621025674,0.3085867426826892,0.07562543961270693
8550,6.073352114153929,1.1338617083396425,0.35643921964574665,0.04531915465957318
8551,7.000688200241107,0.4326547433009845,0.34594405438141607,0.03332248831798522
8552,5.9369704663650085,9.944626889930529,0.3025596869263039,0.4811559284128952
8553,5.690401957342152,1.134427393120954,0.17995390765992517,0.04533150887859408
8554,5.553252670405157,9.009594463226726,0.2500598793036493,0.3807979225092452
8555,6.6815166286727985,1.1313305469020403,0.2417290444350338,0.045263873256210625
8556,6.753730975526381,10.671164275963296,0.2683942311577897,0.5135832841616135
8557,7.401938766337191,2.2549566164112247,0.27910438795505776,0.08076668107687146
8558,6.039117776995447,5.4274668214595865,0.3667510503741496,0.19779329977554203
8559,4.548029308362762,5.00665223586991,0.1226120457122879,0.16850998277855236
8560,4.626476476472977,5.4749168055612385,0.21335997029957945,0.19901892943497054
8561,5.80227208118055,2.393431123020742,0.3009317693248622,0.08320562003485055
8562,3.9240527969961643,5.127947842137491,0.1511065339917839,0.18983786397763644
8563,6.225252652328328,1.1100009777687458,0.21728652252162264,0.044798088334761454
8564,5.726898977594841,0.5151449718435092,0.3635201233779935,0.03514029913965537
8565,4.5843669973643495,5.440846337286982,0.21426829950155019,0.19813983681775654
8566,2.8836583759344014,4.090330730491321,0.12499544905710624,0.1361608306938988
8567,7.058213966778562,6.229846728176008,0.38939701747141353,0.25815960429671714
8568,5.8501138142296645,21.19319695062587,0.1737591990219796,1.208193715678364
8569,4.307656447088909,4.950188664097558,0.22258819079563355,0.16731520910433903
8570,4.815425688653826,9.684974585266659,0.17214898467205736,0.44895005434791163
8571,4.303542952454378,1.7306103504340782,0.2942646124595993,0.05322692511768523
8572,4.835229334294011,1.4197983174876994,0.16840226738686562,0.048590763921881476
8573,4.103402430872996,0.6887770846258997,0.18456045600081164,0.038664316756998704
8574,7.093255051633096,3.154282379880795,0.40003121735430897,0.09250533760641699
8575,4.903881213243611,12.889940101637663,0.20377940043439371,0.6455347900854724
8576,6.363260162042901,0.541522000517589,0.3624605360651384,0.03584125381180013
8577,5.533209893046084,7.364262236325945,0.24651828007078816,0.29577034865219026
8578,6.40546865420107,1.4349178877156994,0.24737476585977233,0.04885170010187988
8579,4.294899993816528,4.239861349469373,0.23136714074525125,0.1391719250240776
8580,6.756718970246164,1.913065733056432,0.22076243810003862,0.07430496224467344
8581,4.936852003265536,9.917423478020165,0.22469298613341473,0.47990328859431025
8582,4.619459940034834,0.826940891162745,0.1769350133627405,0.04081779907863459
8583,5.317381164356678,2.327036355997852,0.12819491226629412,0.08205767092293288
8584,5.417492646007239,10.652311931666333,0.2678832738533449,0.5127479590861045
8585,4.682926264054681,0.5882391629421233,0.24538944432599843,0.037029342047646095
8586,4.988323866678129,6.481665458956271,0.15832022301010212,0.26629713093650426
8587,6.46714977707797,7.382025808292803,0.3617209110383276,0.29643825071720037
8588,4.348630384007678,1.0399723247706079,0.19424262467586076,0.043281306982348645
8589,5.098787589435426,13.845797243955143,0.23395087679800428,0.6891530590248145
8590,7.0369886217051745,6.584770309311961,0.3867416299919611,0.27014210789043347
8591,6.411398531870106,9.748117550529958,0.30368402478858947,0.45171116686722823
8592,6.730860131482126,1.4208921798545924,0.3421948382035883,0.04860970395086805
8593,6.513242004172789,1.6498988873510185,0.24589004065779851,0.05202054436058163
8594,6.050228094090121,2.1293657378441457,0.26052859839729664,0.07843783832081369
8595,4.355739561079104,3.5054089540244524,0.19388426659316385,0.1246775891564491
8596,4.66197833923799,2.6298271039461683,0.23897638644100364,0.08605360959960134
8597,4.815992557056624,1.2017131426565388,0.15872470546706585,0.04679531391604228
8598,5.064407737769234,5.042984513778857,0.1786759188641279,0.16927041781042823
8599,6.2779608658382315,5.720588985472193,0.2226538266885831,0.20495654535131622
8600,4.811583978008029,0.45557345473248817,0.2505077256593443,0.034064669871464004
8601,4.90599360095561,6.861080231598316,0.24739197698603074,0.27744049690636924
8602,5.103554617520692,14.815465916256134,0.14619738617868772,0.7521603401589335
8603,6.008978412578597,1.2922545147916247,0.20218732692201472,0.04837796513182672
8604,5.775479905325606,1.965540700375573,0.3254214562251236,0.07542548355092445
8605,6.280741287411689,11.739372742126907,0.27580487174727863,0.5899760385730621
8606,6.101963856334543,2.6144608249312973,0.31083256085543265,0.08581992199672589
8607,4.325141721521045,1.075859373844869,0.24416454704880772,0.04405482531360546
8608,6.692023094018867,8.071993150896729,0.3795369231599936,0.34558623621346396
8609,6.362800939277148,4.495484666006372,0.29836602947928575,0.15714720039582308
8610,5.133500381144578,8.132718830934554,0.30923126516595645,0.34809306993945927
8611,6.459519467050341,9.268613572138735,0.37298377249108605,0.3903282844530232
8612,5.359101491291145,13.668422948645514,0.17072874949972244,0.6827576379568349
8613,6.645069092837844,3.743102366324105,0.2693627500777606,0.12889352581788419
8614,5.500660676693196,18.942165056851785,0.3345056761962462,1.0670250331405844
8615,6.766668277403239,0.5899983868770297,0.3759897428702074,0.03707325484241922
8616,4.840023097881299,2.7382518460587115,0.26264666539840015,0.08765631756995933
8617,5.934293724460434,19.3357824123122,0.25108483400786125,1.088517309227441
8618,7.885276166904059,15.433325807584605,0.4350678657273381,0.7825936157534222
8619,5.42760802406986,0.3188497769332389,0.33920113825427595,0.030204781875506334
8620,4.996990640798507,3.871868488532735,0.19483112869949754,0.13167524574714795
8621,6.480321345284171,12.651554693222693,0.3428673086027715,0.6340726651399518
8622,5.666973667027109,5.458259864359838,0.18863542604081784,0.19858974370000207
8623,5.866447436481099,2.64753472026289,0.30943671844947596,0.08632083278361342
8624,5.149508807951675,17.28772238948237,0.20441254034816977,0.9267342762628156
8625,5.64136300490001,1.575062745485078,0.27587791119403027,0.050861017203136426
8626,3.9651611790209444,10.786161303088997,0.19807088515322482,0.518663811452489
8627,5.810319061272883,8.033315037930267,0.19531667042341952,0.3439842068758963
8628,6.1505770255113354,1.4435005945437012,0.3450998222567022,0.048999001417460844
8629,6.90234851803224,9.014536725444565,0.24325226667346106,0.38098300658541856
8630,5.551756685678193,11.439165136507803,0.31721342110711187,0.5753982479316898
8631,5.570421225187967,5.017422865760527,0.1635387059156698,0.16873609613418372
8632,6.65331674258634,2.000763173278421,0.3546622641182679,0.07616143336754326
8633,7.434407415814935,4.729074703366032,0.3495578151712831,0.1624874409575948
8634,4.891276298451044,3.535468467489326,0.2634417049793503,0.1251073366090724
8635,5.175771959558367,2.989457441259684,0.24974771951685748,0.09093856178249238
8636,5.5693836804782935,0.7751459019808885,0.330042982888593,0.040139437366632946
8637,7.607372753004426,3.464492518519895,0.3723352096560509,0.12375823372574707
8638,5.560211150530805,4.406055997234246,0.17739354729007314,0.14253591810650199
8639,6.324589702057459,4.3588946844228404,0.24918326976094107,0.14158989458365304
8640,5.787592735220287,1.7373174655697754,0.31898562994893837,0.05332500752149741
8641,5.572665608684335,0.5610464053445813,0.32670550069237075,0.03634472161276969
8642,3.8335923882192895,0.760001256776002,0.17269352541354155,0.0400769476854724
8643,6.6971845291763215,2.96462626564547,0.2747992519942601,0.09061302642429761
8644,7.558695986387609,3.2330988150599325,0.30370439318693593,0.09298651514543063
8645,5.5659674358682105,1.4425643092929321,0.3273462415817486,0.048982961195665795
8646,7.056550592441805,9.710853369472508,0.21225295752025483,0.4500832235330145
8647,4.008162504352486,4.817704028897306,0.22659510495067695,0.16445053745448712
8648,6.877289979032123,1.5722113547914551,0.41962366717859934,0.05081617964818946
8649,4.182671507284243,5.520599465618333,0.1150604516351488,0.19992738628207404
8650,5.298397310881292,0.7493777893991781,0.2204446132262676,0.03983919442884406
8651,4.604600410756048,0.6989308817635699,0.17041501690879393,0.03889407235460226
8652,6.863119952074336,7.322942341836339,0.2695452960565383,0.2942168811894959
8653,7.112073183462763,1.6358164888675082,0.2313026197385009,0.05180479302257298
8654,5.523474953296584,0.7759462720465974,0.26492776183866124,0.040157023636936115
8655,5.829599180906214,10.406679650684376,0.2606748984206886,0.5021341948146324
8656,3.696261893578803,1.7420271103890725,0.1411471394394956,0.05339366544606703
8657,5.64327232795521,6.458005910664965,0.18669847570333423,0.2654166156933499
8658,5.291951390511722,0.46230749690114215,0.3279175716011719,0.03427787278385565
8659,4.949982205797685,1.1973619577622094,0.3094974814181029,0.04670121597525998
8660,7.193204146860512,1.2360084381771044,0.32043600603069916,0.047532624171993894
8661,6.342367741224957,0.6767350745896469,0.2788129241188186,0.03839181309479705
8662,6.635369885945659,9.895984360659208,0.29827071875459144,0.4789145548746489
8663,6.067849504710165,9.387759784586766,0.1860455747467091,0.3945972995517873
8664,5.1687982435440025,1.2208814888162576,0.23953458176564865,0.04720838692379282
8665,5.563477943458028,7.706599813150276,0.09086002145686681,0.3253020050257161
8666,4.769798911462766,2.7575428223624194,0.22927879643947643,0.08793335723005001
8667,7.00414043143022,6.146339522175081,0.32475338935335124,0.22737862416396357
8668,6.192287180854062,13.493201677117062,0.31691529269689583,0.6744138377285697
8669,5.510797306419986,10.33471478655119,0.275438795590578,0.49890077017479656
8670,5.417202566334363,7.895367279628682,0.2484019397312194,0.3329607462636686
8671,6.167888190083414,5.996575241955961,0.2634001716123981,0.22326779672477653
8672,5.813973794484538,3.9825579551601824,0.2881022206715016,0.13397454737048897
8673,7.263001049418535,16.683853252579183,0.24544668500220537,0.848318333705266
8674,4.654199856195281,15.31805330854101,0.1942716880864304,0.7769488992752043
8675,6.1676122844992785,5.62172712435322,0.3292582822079338,0.20248997037567068
8676,5.801191103639554,3.6120811520225486,0.2806837975261563,0.12660044029952142
8677,6.389890079277294,2.8823744313909847,0.23782638497766886,0.08951349898249043
8678,7.216730938281206,1.5176327400673575,0.36589091263455753,0.05017833598115924
8679,5.5781726835195915,2.4198849598442265,0.3223877664104765,0.08365237123091926
8680,6.915204424509581,1.1183764027189564,0.2846944390668928,0.044980944383783174
8681,7.063882101851854,6.584576865444963,0.2715877294681264,0.27013488181119094
8682,6.802026883944961,7.775805706636673,0.27218440757648715,0.3281175144144273
8683,5.369759292571915,1.2011275722080241,0.29365494706594325,0.0467826574252351
8684,5.191425714126365,7.991485630707772,0.19810937817453098,0.3422472963973863
8685,5.387983416350717,11.3794203203597,0.25662182005834905,0.5724827810052825
8686,4.316997549406055,0.4672128907276301,0.3028819371221124,0.03443171042639114
8687,4.58160776892894,5.199451883064307,0.17598100806854508,0.19177161634488296
8688,7.384221332210087,1.9833904163429696,0.268781753021086,0.07580006007968773
8689,5.047546925493845,4.187131938357612,0.10716611731996853,0.1381730021151753
8690,5.0148235491624105,2.066727841248512,0.21107019765614343,0.07750515886808065
8691,6.297867478519757,1.244787872269797,0.3540206016036225,0.04772007891174275
8692,6.727683259037595,17.907974172350915,0.4125911536601943,0.9581360579726117
8693,4.788415158177091,0.3624177800406438,0.2827655822067921,0.03206776895673666
8694,5.967653180251916,5.533015203025783,0.29850622238542324,0.20024420823413627
8695,6.428835409769097,0.8285980944628619,0.2464784524759547,0.0408537536789846
8696,5.737425256127437,13.74774699697888,0.2749781586952135,0.6865269275083532
8697,5.498801205284009,2.832325674282012,0.24646535485933954,0.08882693199361966
8698,6.539480973733954,1.2453421679295102,0.2939572155391957,0.047731895858343205
8699,6.109389853074991,4.85284724709692,0.27383961925880745,0.16521869847129106
8700,5.377730037368288,3.036345534643729,0.2824583606674696,0.0915451681038743
8701,6.59325045624992,1.7010198727568475,0.2760621702959751,0.05279047623844489
8702,5.492400214877805,1.0495811998142428,0.18304287292382274,0.04348730156829218
8703,5.266531492664156,1.6648198754761958,0.24618730091234167,0.05224745372925085
8704,7.836085852659212,8.25258524782399,0.41233974414890995,0.35300806198472195
8705,6.347699742118403,20.978464573336485,0.24456436454363764,1.1961893779809252
8706,6.739965013835142,0.3161126991250185,0.3232864482204779,0.030108162490075745
8707,5.023349611173839,0.4581765121781196,0.38028725350429154,0.03414735881262501
8708,6.9951920910962,13.156971181960499,0.2849112290503431,0.6583437340233208
8709,5.4143670672545055,9.434628790569157,0.20604189056054265,0.4402069391333097
8710,5.511761034232599,4.870864810691128,0.21294844131748683,0.16561022919376447
8711,6.161346599989009,6.5668811043648185,0.29356722953915587,0.2694740542113146
8712,5.984273814763513,0.5548195509802784,0.20834464594267565,0.03618541583254813
8713,6.312213789102783,1.4245271018947678,0.32015813550883226,0.04867257250880328
8714,5.3572535690082175,4.141547575599852,0.31255490297247174,0.13722850144737514
8715,5.395250546600135,2.7162727002022584,0.318403251601395,0.08733776652617323
8716,6.115963644092865,5.317944221843441,0.32336787672954065,0.19492838011963595
8717,6.8139184827446675,12.406171937776216,0.3598289909167486,0.6222489955816728
8718,6.855698537610455,12.976755916018497,0.22037796372051735,0.6497031946206491
8719,6.327381223459788,8.600099029017292,0.15551307712399978,0.3669561005304775
8720,5.0137204673260145,10.682539739665147,0.21667426459129394,0.5140869816771677
8721,7.046558221920847,5.905827327891658,0.2801622789615784,0.2206212919650932
8722,6.153328522937336,4.707990505613098,0.28097885092994557,0.1620151065805154
8723,5.233647736224218,1.2135724020868501,0.26044427307553264,0.047051163721888056
8724,6.233642820500536,1.9479931720560149,0.3069808938739594,0.075053997954866
8725,5.519625080863018,3.222109358555431,0.1883080916404771,0.09285338735110574
8726,5.00659605392666,0.5775855372182778,0.14827806417466338,0.03676280770177584
8727,5.62009110585834,3.6429574516231678,0.1961927881299382,0.1272805630490643
8728,6.223453823783405,2.6214277965170223,0.2758974716427804,0.08592608293777014
8729,4.552804965312416,6.176324196356511,0.2447830643898794,0.2561721302417262
8730,4.750470869316307,8.963717609951466,0.15080696992265466,0.3790738866226117
8731,5.96038359099285,1.6092114493271183,0.191490235588039,0.05139305180731382
8732,5.7289427330800775,9.094048436359811,0.27199438190579645,0.38394335325322315
8733,6.040062397085342,16.559749111552925,0.18478850838733527,0.8423453433579849
8734,6.1506781234582055,20.544308496477093,0.2761718503335036,1.1718429191766446
8735,6.0122532320341255,1.2015815122765816,0.17670803754244369,0.046792469053025004
8736,5.868358022436735,20.0378872021477,0.30636263542765907,1.1433222821824198
8737,6.285918175916158,1.0551174771446252,0.27481695908519305,0.0436064042709107
8738,5.156355777413524,10.93355796582426,0.20676253515262646,0.5431624067162536
8739,5.5467567307053045,0.8382081388582282,0.3739356168070953,0.04106308928407558
8740,4.791135891109174,6.314213937081973,0.19904254802597457,0.2612976168824348
8741,7.788825714240415,6.145889920499362,0.5002994632942546,0.22736558753518507
8742,5.588089022682483,2.1821613786259433,0.20302618797560265,0.07945344228887924
8743,6.348853882723668,17.869447972000756,0.31735721911546116,0.9561948942347354
8744,6.35200376025554,2.1495182152940537,0.355512100816805,0.07882875267631254
8745,6.234833709761022,2.63303134026107,0.18765317850785646,0.08610212773795431
8746,5.507552875074571,0.5692773248061324,0.2834293725450184,0.03655365214895209
8747,5.242865192555529,1.8564159531189475,0.2004275543623303,0.07306284436390034
8748,5.7057380444026045,1.7013996414000658,0.29923020737521416,0.05279611685227133
8749,6.035885084193741,0.6898113540356768,0.22740632663473573,0.03868771566229544
8750,5.4505049813145865,10.133922965991829,0.19969891690802544,0.48981541990289307
8751,5.810504894070814,1.1370783614068087,0.30689413241393776,0.045389401115863544
8752,5.616451310878958,1.656385058841916,0.23498066612437196,0.052119398398086686
8753,4.780096946180209,15.761727134785813,0.1701135808653961,0.7981371020797686
8754,4.39702902732586,3.8483586990640952,0.19309923875083637,0.13116994652898908
8755,5.512528127025673,15.958635596470021,0.20401511909527578,0.8131201089297662
8756,5.836574224031318,0.6230396796127802,0.2739270138926872,0.03773487076464778
8757,4.607169833521591,3.3802269560656524,0.24716087345372093,0.09449358842381154
8758,3.759772037876553,3.3940072399184653,0.13141815231864065,0.09465303610355136
8759,6.737495549226446,1.0772009544623469,0.17453966192938547,0.044083930115425274
8760,3.7655732040632204,0.736985287816553,0.20845398893934017,0.039563330251551294
8761,7.214734494647867,16.12101971980225,0.3059466796192518,0.8210634901515518
8762,6.397579453830939,11.924907258998022,0.33122045144903023,0.5989788327167154
8763,4.191488883580019,1.4207425787373873,0.1755241317715003,0.048607114205548974
8764,5.910776563211156,2.8927528623969447,0.2251663179830887,0.08965421271833399
8765,6.0519722247671455,3.9123187364787215,0.16206751446656104,0.1325418767369721
8766,6.2625666297464955,4.277570466097709,0.23038387256113213,0.13994245454668322
8767,6.64523104865129,8.121692334559963,0.299730758576834,0.34763867697854095
8768,6.729287301925848,11.782819940832795,0.3271226578605148,0.5920860112249545
8769,4.766750600564739,11.170024395245015,0.26905656554224266,0.5622431871099083
8770,6.006878828891691,4.561912133266445,0.2302723960443481,0.1586890278019494
8771,6.465423267513385,15.279956982350345,0.2136747747153158,0.7750798498167499
8772,6.225207658191374,1.9234924955366932,0.34569512838795474,0.0745299102645823
8773,3.7845196251571993,1.6359098864006105,0.1833456388996664,0.0518062290104086
8774,6.515129019165213,7.240734283102681,0.30260698880651443,0.2911274994743552
8775,7.114572746879102,5.321985173500095,0.30748374167309417,0.19503498388191334
8776,4.782969682459851,1.0190822649761508,0.18798153134923326,0.04283696817455235
8777,5.934673034071525,11.133560328275577,0.30753467478486624,0.5604564697968956
8778,6.216384593809768,1.6748917513672126,0.27243420922345113,0.05239960464586258
8779,4.888159791422379,1.242693696873661,0.1943085120107228,0.04767541400157957
8780,7.612137814330403,6.318212376965479,0.26031006088005293,0.2614465104346567
8781,5.608395829687976,19.876921361831904,0.2403592771526392,1.1182352169217844
8782,7.463125279874869,1.0581349723420717,0.3628709037539068,0.04367143677042998
8783,6.190528083506192,5.850424682141171,0.24417989426772807,0.21683794547927218
8784,6.18095420705973,1.2868885826850704,0.25673813315224764,0.04826843645418945
8785,6.5709046427840905,16.497028822275528,0.25823238819502353,0.8393188875349659
8786,6.7283909934679516,1.7554678315203147,0.2880924532325313,0.05358863802721891
8787,6.337045396818656,6.354278685058932,0.25626620133584344,0.26279030168628836
8788,5.6498402023054926,0.5439200001126124,0.22957690278903087,0.03590373918156701
8789,7.902188038128823,2.007318926047004,0.426540427272823,0.07629698362100346
8790,5.508203278602492,9.03869902092272,0.20524807981024734,0.3818860569230395
8791,4.108236891024462,1.1395545939703113,0.13796714214623343,0.04544347135700762
8792,6.365344069972933,2.9626487611958674,0.3538631997222735,0.09058696987524086
8793,4.64852937430313,1.2660319541495002,0.15109627903140935,0.047840557115409715
8794,6.674236149365979,3.423563442717667,0.25588432069298617,0.09499311087120628
8795,6.269948856269411,14.178560981637249,0.2596021220746308,0.7204167937622367
8796,7.598764362606587,15.27997956222456,0.4547627522378225,0.7750809581301765
8797,4.738743228843464,11.212557755100491,0.2068265674232961,0.5643259035543965
8798,4.421798058811057,1.4961224666339357,0.17610171223332277,0.04982421147608269
8799,6.649913906443165,8.353156980433704,0.3749383844193119,0.35709394962376934
8800,4.266216957062341,0.5936829317744747,0.17638057344502847,0.03716504261146427
8801,6.378338098164153,7.681390755526088,0.2626503237425096,0.32427461555724807
8802,5.46235177618282,1.5914139598115153,0.23758844836638027,0.051116907167026084
8803,5.965262839907095,11.205390453203355,0.23498499219320407,0.56397504837742
8804,4.171773037408641,8.71607872174849,0.17340012027628574,0.3714960309200945
8805,5.691954512110832,9.83080053208808,0.3038926319006584,0.4758999627969254
8806,5.738422062627678,0.5249592746991619,0.2960126976037459,0.03540416527085648
8807,7.41855830092056,1.9370871014114937,0.3603175651838768,0.07482148702548311
8808,5.841156951712406,20.733974243666864,0.20577108452689824,1.182491181318374
8809,6.467349321211986,10.861454021754934,0.25176159701367246,0.5397368473117495
8810,6.134376550727225,19.443718825267744,0.28468057964069626,1.094458457730168
8811,4.797256568259663,1.5979309552918173,0.2795977854493505,0.0512183120917727
8812,6.222013692612815,7.286623340235869,0.25365529977671514,0.29285173050233354
8813,4.672122541548528,1.95198997319231,0.23935441012138328,0.07513889501314308
8814,7.020600439637521,12.051692697014627,0.3751639285523062,0.6051201618281656
8815,5.548042849850078,5.182310145788982,0.22518068827874443,0.19131000516688274
8816,5.164996220415474,10.78275449389056,0.08703069426181943,0.5185136614138774
8817,6.46905927660248,2.7122102219388897,0.29846623395855687,0.08727854372039506
8818,7.981698948595748,2.4406771270018393,0.4411887885691771,0.08399956522141286
8819,5.928312296818382,12.879332511791887,0.27481630174640165,0.6450252203042234
8820,6.210764453581713,13.383438457271414,0.2800544298482125,0.6691756694911205
8821,6.022137591416462,2.939678477731315,0.24238366542238315,0.09028320102572038
8822,5.91266231721922,14.842550722062835,0.22000839601666897,0.7535029124142634
8823,4.074605623343204,1.6042653755435374,0.15036057693326996,0.05131655756463262
8824,4.518741729075526,0.3339539304744806,0.22799614726707876,0.030784194504255475
8825,3.6624768052390517,15.776445213960656,0.20974525434117125,0.7988499500364751
8826,5.169318726475097,13.611860154311021,0.1919086259406188,0.6800667732810007
8827,5.054073771030019,3.1453497050473396,0.1692350929567752,0.09239478414333245
8828,5.594096493015006,16.66835397556695,0.21685508176971638,0.8475734816288305
8829,5.651374205417762,0.4308390083781392,0.2294316550416737,0.03326285272617249
8830,4.949675217033904,7.122828561155765,0.17664659266910168,0.2867023545515914
8831,5.204049623714044,0.3578781015420787,0.31970056655887835,0.031850152598084755
8832,5.518521826095415,19.00231500445154,0.314825845039659,1.0703519277558033
8833,7.1485969307001325,2.1968414235533964,0.2244544109226671,0.07973097329679224
8834,6.187042768387833,15.308248553764225,0.3942392179406515,0.776468034864125
8835,4.782835888594488,1.4287848120721094,0.19053965371517909,0.04874607690258696
8836,5.276832788683307,2.848684600771349,0.23977378708584454,0.08905280570270029
8837,5.450458402038734,0.5122122826377297,0.29626685032467953,0.03506070475943199
8838,4.740154883743171,1.2340501733063127,0.19066844799440774,0.04749073876937354
8839,6.470609517348166,1.7188658796882752,0.2507465927817204,0.053054312191054324
8840,4.376028564312775,2.086743670423393,0.18532573514832254,0.07790564333910013
8841,6.801559366552824,7.900794073869954,0.23976352904577344,0.3331798462985971
8842,4.697752047446269,4.095176400190783,0.17064846391175606,0.13626212926028894
8843,6.532022662871742,9.783111455471154,0.3466439097814738,0.4736862221604055
8844,3.7364767668076238,4.840415958830223,0.08068750967793314,0.16494765004151593
8845,6.249010836295731,0.6743637555236062,0.3569848911863012,0.03833811549313894
8846,6.3788720344260605,1.0572202789859027,0.2330012914779635,0.04365171545922672
8847,6.077381530365959,5.400254758673934,0.28752493167864346,0.19708618806505662
8848,6.176557062143071,2.199707085182946,0.2594152481260348,0.07978490536365945
8849,6.119765396673187,7.2051225689241685,0.2400211852885377,0.28979008002037804
8850,6.773300801966801,1.9102066869760006,0.3849299768266766,0.07424308140848693
8851,6.276622988190105,5.0954919953176505,0.24935865844368332,0.18895303206827357
8852,4.083434933152531,8.346099493230763,0.1928540078089633,0.3568084409674959
8853,4.783237330144003,7.355134515218548,0.1870452136002738,0.29542716062488467
8854,4.677159038361508,1.9727277491572388,0.19580814615722655,0.07557670447575265
8855,4.435143313214426,5.128887629308614,0.12425029611599801,0.18986341931755157
8856,7.6598077806699045,10.181707305593658,0.39053997224400777,0.4919864263645466
8857,6.13507778677559,2.1816423871381607,0.27458777280728114,0.07944359216849453
8858,4.972610853260274,4.398362680314718,0.27180887519735414,0.14238207878687972
8859,4.083610850735906,9.346890770068484,0.13927675585331295,0.39314092078185636
8860,4.281550936836464,2.035163345967523,0.18416462686540952,0.07686773903414532
8861,7.590701522504399,1.0368645236123786,0.2922720971584047,0.04321488957854834
8862,4.907820821007999,0.6632712226757012,0.1994689233491781,0.03808662159615277
8863,5.716661802961938,6.85207632022106,0.3497650980868901,0.27710451277837655
8864,5.003851795594746,9.269336922929176,0.22740529578533594,0.39035441703258755
8865,6.702428557394397,1.1285586668320546,0.4393283905059135,0.04520333149211259
8866,4.908248897761275,1.7101965297105983,0.20978215342495063,0.052926450210032644
8867,5.678159879216077,12.630747668878094,0.22478061682754621,0.6330711292002164
8868,4.028448940917411,3.448170374092467,0.1501597039377873,0.09527431951141321
8869,5.910164422116295,17.70805620949699,0.18641853780986645,0.948050388688619
8870,7.4856803827012515,6.80118866930527,0.37775821951746813,0.27520740066239424
8871,3.740701299218538,0.3122958711033293,0.1870551741953947,0.029975539548554364
8872,6.06573246170813,4.492765159861249,0.19067009566027848,0.15708371005786087
8873,5.0874712471601375,1.0124011932431407,0.1854224006480474,0.042695956719910486
8874,6.736620392137625,4.2141685949967735,0.20788667016810466,0.13864462083574958
8875,5.3651336977727615,14.810521269075936,0.24387768150128153,0.7519151633559507
8876,4.1827515796329795,15.124885714287618,0.13756922006900543,0.7674542050496427
8877,6.554993280671623,3.030528669711519,0.3044152925893994,0.09147047256635447
8878,6.893621982987136,5.33858373751466,0.3756887134364391,0.19547214241973077
8879,5.833451476781068,0.8646575649651514,0.34483144069330285,0.04165908024494919
8880,4.52492027986879,1.221627315918623,0.2247890202524412,0.04722440995443413
8881,6.748938484219799,1.189457364245516,0.31880115972120654,0.04652997969799793
8882,6.141138178922259,2.2923706349796653,0.23515277795374936,0.08144272225652102
8883,6.5772093304951955,14.14390765345072,0.3362038317389632,0.718681751355385
8884,4.172101380244307,0.887239152024529,0.2386580944917345,0.04218425080162422
8885,7.007457339284236,5.802312208904536,0.32630837643053096,0.21547213176727456
8886,4.805210946274248,0.5675017523529106,0.22657643384889373,0.03650873269048487
8887,4.571375878976032,0.7255515934951418,0.23620633900506963,0.03930990114985397
8888,4.608375849947447,5.351514288460396,0.26807596251296,0.19581188805558614
8889,7.10629703760691,14.985101915696578,0.32405356710803745,0.7605572584652137
8890,5.2000627031906195,1.4210926145079092,0.20727383730957152,0.0486131733921074
8891,4.7237937804641135,1.7428223630266353,0.1816506409104597,0.053405241351599075
8892,4.743827805425862,1.9786471464863258,0.19540915731633143,0.07570084739489516
8893,6.304892441740576,4.130086617194636,0.22839333976610737,0.1369901697448798
8894,8.584729188346019,12.772705346339372,0.3565769730382414,0.6399002997588047
8895,4.310653858049547,11.697045049541398,0.13293602486091868,0.5879193525999806
8896,4.45489814749875,12.93239925120027,0.12364054259961452,0.6475739038313414
8897,6.840691083701323,14.094709372564331,0.31869896822670174,0.7162173456602484
8898,4.466893221559238,10.187474406773445,0.18104128261509003,0.4922480591654172
8899,5.385665518251672,2.260086674877304,0.25622926336165447,0.08086014461834184
8900,7.822494212634413,5.365595593788319,0.4574299802302634,0.19618106591018092
8901,5.1316716212555304,1.4919019039638814,0.24519338520949382,0.04975429218052113
8902,6.934667015274585,11.964098517384517,0.42952822852523426,0.600878103595546
8903,6.817419778498214,1.157574334713854,0.34374667425608985,0.04583664279293552
8904,4.679181515854924,2.307881162018652,0.1455407850066365,0.08171921495328684
8905,5.712813146698294,0.543081737995035,0.3141462888981118,0.03588191816973974
8906,6.41788227133564,4.950590658492051,0.24053243483947148,0.16732377101415724
8907,5.54586476645852,3.081629444891767,0.21336050411766608,0.09212218809886877
8908,6.249852799984011,9.164006436998488,0.1687698039645285,0.3865209879222014
8909,4.011597212416744,1.0137289109098413,0.13615954610754208,0.04272393542548663
8910,6.189092259270946,3.493632795109378,0.3953799000122525,0.1244133612464593
8911,7.383622582295921,3.050072200605828,0.34835171666770803,0.09172093761847339
8912,5.928210548873726,4.611565924051775,0.21671774480682063,0.1598298410191219
8913,6.736694803789809,8.443774096336169,0.30423419682191666,0.36074244818418116
8914,7.134769275400279,6.247144658496796,0.4204780435547726,0.2588024530094522
8915,4.361086565321289,2.3386080664726516,0.15356219483616712,0.08226053804790998
8916,5.919117407337441,15.749061988850201,0.35167651586410603,0.7975234410827944
8917,7.471813106689876,6.252285209295899,0.375847138703497,0.25899354469809693
8918,6.552616418438566,5.48566838475172,0.38282517210734085,0.19929534969783827
8919,5.262166738773856,5.684744883090229,0.2763599873804518,0.2040665462271695
8920,5.251989502127572,7.239064508843842,0.16825720350545245,0.29106477612946774
8921,6.92510531647707,13.397877842314525,0.28954843000737884,0.6698652204943264
8922,6.348111846997278,1.6142413562963143,0.25560372060448683,0.05147125694573233
8923,6.849529196797717,1.8743306993470488,0.32791688350104004,0.07345928899270682
8924,6.2681193296896724,3.613328174569768,0.26252221454716995,0.12662794688073142
8925,5.142513246636727,5.891197533683061,0.23602543277419433,0.22019376860556594
8926,6.361994571359921,6.462575806151883,0.2676478643765596,0.2655866384907906
8927,6.305669678122236,12.517223378263596,0.23188072849550104,0.6276032869030381
8928,3.5356835681755956,0.674673554966935,0.19230771881686629,0.03834513181044047
8929,5.762239020753383,12.831710689204776,0.304028441736273,0.6427368873568909
8930,7.430296326835354,7.848045071596363,0.39324064026745426,0.33104734650734025
8931,4.31097624805867,0.3238020949280184,0.23213644422955623,0.030382996307182133
8932,5.659872517343504,2.000304755525874,0.2366819860885201,0.0761519381494407
8933,4.457389029376271,7.857105231955691,0.13802625028084978,0.33141406071151996
8934,8.033956003970568,5.220490233593469,0.34272515808429216,0.19233645639406946
8935,5.789009982341079,3.5519574948653863,0.3413676563286465,0.12543779326144447
8936,5.440397739777759,15.929304331809984,0.2964999831582317,0.8116815246883868
8937,6.074584318136503,1.2342594212621412,0.21243225610342173,0.047495215652565315
8938,5.022046195962163,9.193147230662264,0.11157424776861136,0.387587241369812
8939,4.28879196268815,13.890223281568808,0.2534607526055295,0.6912541888783701
8940,5.269337149984323,5.700654283806123,0.32132214871762055,0.20446216824465485
8941,6.82800929810267,3.4815166625748266,0.3456219390953823,0.12414119262052407
8942,4.8498035617520685,5.699435013070871,0.18811116145303935,0.20443188219539007
8943,5.6043842531137305,0.8352053029862142,0.2596020908570392,0.04099752187018327
8944,4.449482985969852,8.99509700135006,0.26702562840846483,0.3802542791539109
8945,6.103867316772512,20.618715439849655,0.24033637355716017,1.1760225248397362
8946,5.210100591601573,4.5832314709569575,0.20135851213745562,0.15918010067806407
8947,5.194343878364121,0.7126972974010704,0.18160282813956533,0.03920601304317751
8948,5.009960948593752,1.266248246499178,0.24034081801549395,0.04784501165663614
8949,6.220024756474417,1.7297264509549986,0.25390633781563876,0.0532139725180954
8950,6.794639393706894,0.7424957884676577,0.3265202649618972,0.03968582297459459
8951,4.999984541888003,11.560072710857977,0.23418697794088505,0.5812907064549112
8952,5.168611752619299,1.0147731536025106,0.16592007127360398,0.04274595603854067
8953,6.313242292995224,2.880887096073075,0.24650942708723847,0.0894932846537834
8954,7.8444428255344345,13.66844637280358,0.4159489296726013,0.6827587517847787
8955,6.627264756343043,2.331816000253133,0.2980895653373316,0.08214160922192623
8956,5.110700667463621,9.815139512890383,0.3063075106419613,0.47517375247802474
8957,4.9834422961562215,11.773972103906285,0.2783362479230021,0.5916564140870076
8958,6.334560056303854,16.479687397949657,0.3216508548788048,0.8384811751996704
8959,5.061155856198041,5.525683413629529,0.1993264615938997,0.20005719282984646
8960,4.651880418076516,7.567395653507211,0.27244424898724956,0.30340517830511177
8961,6.005870757894805,6.645962209895537,0.19630319364606677,0.2724302652664448
8962,5.7801118341152895,5.188861647871429,0.2945585335726822,0.19148657806784117
8963,5.47768175469255,16.14940808163109,0.3015922331196421,0.822448467712203
8964,5.767619802501187,13.518981713869307,0.2698945862754437,0.6756428966202848
8965,5.014944974778778,1.2970404007576475,0.2161593358403665,0.04847545255578535
8966,5.957656213064106,6.277121612865209,0.21217092755394945,0.25991714293442
8967,4.2593674266565795,2.422596127752556,0.25952062075150273,0.08369783826143505
8968,3.9601399387147684,2.6270796238292244,0.10518523833344567,0.08601194974431721
8969,7.691555277438932,2.257215340201684,0.32246333284146206,0.08080786257875983
8970,8.710791554628985,3.9427254505029556,0.4987603279537241,0.13319097574978342
8971,6.843739538817586,7.199682898061861,0.36118434469327837,0.28958584881570393
8972,6.422144069106925,10.22915617180728,0.3202538716571969,0.4941365860820794
8973,5.131858920011461,3.7338972895090774,0.1702283184423878,0.12869336306939613
8974,6.309325917254823,1.7079383146976972,0.2531493177561645,0.05289305219269354
8975,6.998573130186629,9.066931803240248,0.3640741179759767,0.38293742544805043
8976,5.7211215210594615,15.474851149698615,0.26808466355819754,0.784623069071393
8977,5.538092458076465,0.8769429026271319,0.1984699538962835,0.04194352836225845
8978,6.7757440664139,15.13109990641506,0.38002295134288255,0.7677603187206523
8979,5.370766753636899,1.978141208147858,0.24841025368383476,0.07569025105601293
8980,7.026652089156018,7.1970493907502995,0.37565664584315306,0.28948698039863635
8981,5.555426356838908,0.5853980497777594,0.1771805122276248,0.03695829803856805
8982,6.150025271593924,2.890214830912098,0.19465532550273956,0.08961985597942056
8983,5.559704374000304,0.7009879574514405,0.23026313782793603,0.038940640914420385
8984,7.3270114228865815,2.043989503130406,0.377073366180492,0.07704698372905928
8985,5.635384792322537,1.7763654787540655,0.23152992063747924,0.05388895076143057
8986,5.3728427308103965,0.4322978501818192,0.26560272049724687,0.03331074588451344
8987,6.547115114031926,1.840988860937455,0.2852371455309834,0.07271869250661805
8988,7.114275836857739,2.3513894200100465,0.337871665553433,0.08248322794620938
8989,7.749868108996309,16.368984705630986,0.3531216577361081,0.8331238758654208
8990,5.7817325968439945,0.7794213024701877,0.23320310083412862,0.04023347012638398
8991,4.322509596144115,14.395340943474434,0.16491886011868265,0.7312543462237276
8992,4.905348415250923,2.0148123103797158,0.265697899970983,0.07645137371709314
8993,5.222025617375311,7.170800795519721,0.21776542655180106,0.28850176836209085
8994,6.367499906695595,5.526166182291107,0.35870756904097306,0.2000695137326708
8995,7.350391387199402,15.934328114810569,0.4381350111258231,0.8119280026499
8996,6.267045895663016,17.446698661719626,0.3574919301760951,0.9348150407208152
8997,5.102107996581234,0.7551223822503775,0.17218628808234518,0.03996759581750792
8998,6.724790778679815,6.898611227576414,0.32490076847366556,0.278318464222237
8999,5.975860449259899,4.010128984647231,0.37370928578480817,0.13455847865617165
9000,6.304042021489638,0.6825358881616895,0.34880345038317306,0.03852310860968071
9001,5.708803004964511,6.986914741168991,0.11616649864259179,0.28161443750893067
9002,7.326308700439646,7.660837766122242,0.3454899549086229,0.323436353634117
9003,5.3091769019053965,6.282213079165365,0.24408866793482561,0.26010655297256996
9004,6.445005167285798,1.1127114933143154,0.3484522565830514,0.04485725424964149
9005,6.106211074266972,8.059730848136166,0.2167062765252562,0.3450787717576899
9006,6.240511802547088,9.16156829515646,0.23003320444580633,0.3864315786002523
9007,5.084951818593459,1.2346725424568392,0.24849608764654393,0.047504053534231386
9008,4.87903111225502,1.055331646191239,0.11556364840287858,0.04361101748104465
9009,5.535219716074613,12.964114470089271,0.17072625687009452,0.6490964568060896
9010,6.375370674370452,0.7430707575599548,0.3063309544804626,0.0396986192539269
9011,5.656528486470326,5.319818891050466,0.2517285529473628,0.19497784410596278
9012,5.074520764837341,2.84944704013421,0.1978778625028855,0.08906329534784224
9013,4.395321984615294,1.1345404464688653,0.16580081433003632,0.04533397786953722
9014,6.312586682467083,1.07928259514941,0.28697750859554094,0.04412911084116633
9015,6.508609581295327,9.679304827237736,0.28913531403533244,0.4487014991896298
9016,5.516794367766629,3.0012645327554712,0.2827733005123901,0.09109229550286117
9017,7.176675009776676,1.1754673722697295,0.3480494521509044,0.04622620883130116
9018,5.090398483948378,0.6785164899443273,0.28258766457518714,0.03843214175917807
9019,5.602815576752751,5.343377763949553,0.278807319216461,0.1955981862354014
9020,6.608396691840737,18.684340037364567,0.38311833715993054,1.052743582240653
9021,5.137548030892892,4.080493942019261,0.24442555851454736,0.13595501275533106
9022,5.2067382688298585,4.7710316210293096,0.20768548372723508,0.1634213243933618
9023,6.432934958906098,1.1956361065397692,0.3334492836304677,0.046663860250962405
9024,6.134729552433999,1.8140303793575938,0.3083798292443901,0.05432006064498725
9025,6.1546090583686075,11.640505139908713,0.22466660354908757,0.5852051982561929
9026,5.016705245789677,1.871184812797655,0.2321586284813522,0.07338991573660392
9027,7.077685134278205,0.8225554873858227,0.40862186095798064,0.04072284987142435
9028,6.524757803498205,1.4722006826643714,0.19073855063451203,0.04942602010826608
9029,8.761254386236697,1.9255219090132583,0.4315309748916604,0.07457356028871426
9030,7.558736609630333,1.902452058850618,0.4136966255460992,0.07407480893402457
9031,4.7167641361421255,1.856170416488031,0.22926331621935572,0.07305738731227793
9032,5.282140049931157,9.053355205018235,0.24500422542279057,0.38243235619602634
9033,6.403083391599084,4.969509202872931,0.24991892314084693,0.16772580775141951
9034,6.110982984880283,7.410984613232443,0.2656441270228294,0.2975271030917959
9035,5.345804931589142,1.2803506273777714,0.12610685603518484,0.04813467122586676
9036,7.901825285001232,2.874534839528485,0.3705998975534654,0.08940681321885624
9037,6.371722968520685,9.687332047265215,0.18487290310960655,0.4490533717130604
9038,5.684926098250572,0.8943379096279153,0.32760489522336483,0.042351461740246704
9039,5.0434314749641365,5.414584354942229,0.11729988848733706,0.19745893169353226
9040,5.13287649280699,8.881806810238178,0.20197809495090743,0.37596905440515166
9041,7.25225314827165,1.2725498888080322,0.4125949245767769,0.04797463580245509
9042,5.136976840889367,6.391375071389819,0.2313986974802544,0.26417394689924545
9043,3.671162116633813,19.7352079369205,0.1303828318397964,1.110469450060932
9044,6.598225283434658,14.432428024489539,0.32302679745632273,0.7331053767423029
9045,5.466653069794956,16.131006073406233,0.2515751647295597,0.8215508170764637
9046,6.566190322772648,10.66310219125284,0.3298712090438414,0.513226147882876
9047,6.9147265531649005,6.858951498176547,0.3101003293565357,0.27736105403358724
9048,5.527824289722272,0.470923498356933,0.32220048845435906,0.03454725100043216
9049,4.379159022092388,5.482041261964557,0.26029325672139675,0.19920215042287964
9050,5.471953633006878,6.933502773375536,0.27626020755387537,0.2796198122864771
9051,4.585394952719581,21.120457605038062,0.12577702762505344,1.2041301250980434
9052,4.474878168486288,6.819500170737757,0.22284475889538827,0.2758897098383656
9053,3.787535028711486,1.0855133325582231,0.24117297295641218,0.04426448663282216
9054,6.4170284400640885,4.8922834555789185,0.2581681330168197,0.16607362478528387
9055,5.3975205732329785,4.10459982340933,0.2660438082166526,0.13645895668892993
9056,6.299484271701256,4.52415800778937,0.239296669284586,0.15781487060286695
9057,6.848663360772417,9.206848387529543,0.3599006475447461,0.3880870527304819
9058,6.449858699774713,5.75317166118643,0.30833143833470883,0.20576141261062605
9059,5.189164766411631,8.322570210458604,0.2691388377819805,0.3558552190082582
9060,4.890122496353825,13.70573700832168,0.18060810550254192,0.684531366671905
9061,4.805828586390821,20.028173184566246,0.24247033871695262,1.142773993808501
9062,3.6799887249345864,0.835953707754438,0.11779591365421802,0.041013849792707134
9063,7.795670620875489,2.232660043609097,0.3428685011554382,0.08039969747694947
9064,5.110442011519037,19.291796984453388,0.1990362792219996,1.0860943534574727
9065,5.452075927663276,2.9823469499520914,0.23907355476772396,0.09084565381695912
9066,4.925332270535733,5.902460449108884,0.21033295630163568,0.22052292576189128
9067,6.482068492590295,5.012800677704646,0.2849721124912452,0.16863913072438944
9068,4.16796452199899,1.2994469155969042,0.13405484890570568,0.04852440078590395
9069,4.242145161139791,3.4608830941741706,0.18971990160880892,0.09541670284472886
9070,6.861571530952321,11.242221346446694,0.3912350015460717,0.5657775609087131
9071,5.727620252968049,15.784438601984581,0.17083137303894244,0.7992369697803566
9072,5.916998207720217,2.299369994892466,0.2781906235930475,0.08156776502906637
9073,5.654353340314138,1.6577606442986204,0.29537080781038927,0.05214032135059765
9074,5.880229808035961,1.9511862829172137,0.17969535198335954,0.07512183707837536
9075,5.314857505133672,8.944171891525999,0.22297754562371802,0.37833609638486265
9076,5.970781037493408,10.545848446184122,0.2034508905822903,0.5080174335255633
9077,6.123029014351823,0.6692259357895562,0.22480689080596233,0.038221701107397574
9078,6.233803865325776,3.5118303568879488,0.3354200103831377,0.12482154411695154
9079,5.026164693467308,14.302755526034945,0.21943016446084748,0.7266293063614907
9080,5.70680953046051,0.5392743233662981,0.21299626261811533,0.0357825092103321
9081,7.185581791748574,2.3596823776411426,0.44927262457499983,0.08262694476670272
9082,5.851238661623122,3.718345796222636,0.2902639837169075,0.1283548075814487
9083,5.861342235804146,2.2465068320402843,0.3110991706079383,0.08061219984326716
9084,5.5816541359026965,6.4398497364662814,0.20955089825183235,0.2647413528200319
9085,7.37436206159052,10.131093591173183,0.3879663458815476,0.4896866904083947
9086,6.050678063030297,4.680594777784056,0.21121243521325114,0.16139839210982612
9087,5.113501534236572,1.65913166375999,0.19609002640213302,0.05216115999239248
9088,5.741110502795905,11.511240220730276,0.23461941148864848,0.578912047775168
9089,5.897924593146794,4.5968112997971184,0.20103103533276387,0.15949192068700577
9090,5.857534915314747,1.4432175342607454,0.28407382348123345,0.048994152838860244
9091,6.265350847200474,5.283964226610807,0.3181987618763892,0.19402921762214415
9092,5.107536303936694,0.5590831091970927,0.24100820657487962,0.03629461355282598
9093,4.917716912448049,5.54421044064778,0.21435690869185905,0.20052935130303698
9094,5.49961134195618,6.005743456898206,0.31217412707371045,0.22353471181511378
9095,7.567300915796144,1.4298070391850022,0.35876539962219484,0.04876370267137583
9096,7.868613122222545,14.211541121165265,0.35200517132785913,0.7220674332179294
9097,6.04814599375872,2.0116572406361066,0.3138680853144162,0.07638643925654338
9098,6.603627898161963,9.674078785739773,0.23306869927672785,0.4484723029665238
9099,4.741202986953868,11.657892532444105,0.26344346116723316,0.5860159738161365
9100,4.9290033779409415,2.118912417728669,0.23094362780547242,0.0782341046935536
9101,5.222791446657458,2.7222067165922206,0.21855914198505155,0.0874240787610897
9102,6.652113477543808,0.7468251246733305,0.3915954413425261,0.03978225155938258
9103,6.388611137462713,1.0188883782985465,0.2654225254604087,0.04283286820737685
9104,5.9008211920532325,4.263418531649378,0.2585396967851052,0.13965376047352854
9105,6.0817349174674105,1.165385760480253,0.2107601302446111,0.04600683917321125
9106,5.259337751884905,12.605175348725947,0.17864690167290864,0.6318399523765178
9107,6.420813229080914,1.7967533679931778,0.19826961542867608,0.054078639532859116
9108,7.1650062548323925,18.335692679381356,0.30162405282895616,1.0070851160001202
9109,4.929387753696061,0.4652006640828062,0.2794824967377562,0.03436875574038059
9110,7.5258512344084325,4.992729754405901,0.4137474029372465,0.16821684796817024
9111,6.042106725214869,6.916650853503813,0.28393591379240074,0.2789911203369046
9112,6.030339206342426,1.7357663373782168,0.29024875282702794,0.05330235627786084
9113,5.556385328070716,18.28640494830564,0.2379182219845449,1.0045015271684115
9114,6.235749699529634,1.5055960359144465,0.3650051166703511,0.04998063287382323
9115,5.1557218792011765,5.998537253121248,0.24922838504980008,0.22332492331712
9116,5.561042450434727,2.6414156829223288,0.24663432682244055,0.08622873999611277
9117,5.4715233318873775,10.952821955165147,0.18747729018939757,0.5440764706768498
9118,4.708056499062718,3.641821748610251,0.22278708115585963,0.12725558121137057
9119,5.94047788802751,7.619088865148461,0.22755165449147494,0.30534526342121954
9120,7.388385776119979,9.685141595198335,0.30566476647426827,0.44895737426661936
9121,6.434398094565938,17.46193859080387,0.1972864975449616,0.9355884545053059
9122,4.5458536056073555,1.1780353345677852,0.19870615226454552,0.04628202733985334
9123,6.173500159006568,3.6107536895650365,0.2925039133651229,0.1265711558693972
9124,5.554306574202237,17.557828574091346,0.32540182739011986,0.9404500061468205
9125,6.659404274571333,17.71902781233033,0.2989044362880698,0.9486047267671615
9126,6.176028780937073,1.8461200606575032,0.19489895490907266,0.07283344184086729
9127,6.583699135545325,1.5880309952270213,0.2989201477845796,0.05106413689924166
9128,5.113277047454663,3.505916266913912,0.2709367387215201,0.12468896530695668
9129,5.956847102169175,2.2465610308295276,0.3452097737056275,0.08061319285179133
9130,5.430720690690269,17.31696952029833,0.22531802418005537,0.9282226971057447
9131,6.773104792594361,2.193785285506238,0.3385688627848685,0.07967336870693408
9132,6.146867797812587,16.85327634799567,0.33019141899516324,0.8681458659634135
9133,5.332123692466268,3.4961645890756827,0.26870347729569016,0.12447019364673562
9134,5.384543253124797,1.5798244315314722,0.2581677578816083,0.050935751784865604
9135,4.82364485856221,5.004968303376166,0.2568897455950057,0.16847457906409435
9136,5.180782313840359,1.6028196004987247,0.1419591163590214,0.05129416156392172
9137,7.991065842693231,18.41558108361106,0.38728316641487465,1.011268704860674
9138,5.73318243424573,13.410727555844307,0.24991423357378792,0.6704787408860277
9139,4.010604580312019,1.2335423584508391,0.23382342389862346,0.04747987275167252
9140,4.713534369065754,3.8614831742986797,0.28539230080072986,0.13145217736664885
9141,5.907168835274915,6.53089894460141,0.24766759585441347,0.26813153108864257
9142,4.628941631515562,2.007713971462881,0.1592033491219091,0.07630513751387646
9143,5.542641267848452,1.109329977264844,0.24159895567256182,0.044783443602453524
9144,5.721423219895329,7.582797858555359,0.28256359824264815,0.3039834268066121
9145,7.1006136176430275,0.6694771047850915,0.4190823520584301,0.038227394768567506
9146,4.416130772575196,0.8707862899354345,0.24095046452014196,0.04180060660855747
9147,6.516675656407004,13.5417602715087,0.4094007909076037,0.6767284571007276
9148,5.827107416220561,4.86307641011346,0.1766743784893011,0.1654411753928459
9149,6.498251077882378,2.975516431678134,0.1870692285118203,0.09075617070746597
9150,4.475352501139821,21.74752690556098,0.18252102887938726,1.2390667840944944
9151,6.01868099907518,8.754246086799125,0.2432040351169847,0.37297620216894656
9152,6.205415065149523,9.95544727414779,0.19901234189674186,0.4816535824267801
9153,2.7065015747988412,1.0220825599227896,0.15993792524616343,0.04290047136931832
9154,6.297627412586002,0.5817465879451137,0.4143650384662501,0.03686696157636811
9155,4.355485978022313,3.953200057361405,0.22529936315557134,0.13341410333828826
9156,5.723500836785486,5.07841333987259,0.26346675636314026,0.1696888349379407
9157,3.777209678613486,12.5941586581236,0.1681767353868979,0.6313094648150516
9158,5.927353350804765,3.0511552714357157,0.24508048792386203,0.09173478200914961
9159,5.210257622420019,1.8088418094045822,0.2351976336435445,0.05424779713580721
9160,5.464695070950647,1.164055143871884,0.2812420132099744,0.04597786034633923
9161,6.0534625496328,0.3436463936557666,0.29443184961189767,0.031199895941730546
9162,5.455651400531878,11.857758753592082,0.34290647127072976,0.5957227833594255
9163,5.923096063276504,1.5331841965035615,0.2458362246211633,0.05034206707299521
9164,5.698491840099282,3.2849573043839233,0.29893806341655643,0.09360810062997355
9165,6.443022053423586,1.8139760285337023,0.3380849084101647,0.05431930473751386
9166,5.721075130283096,3.837656967878161,0.20935210292858678,0.13093954577309927
9167,4.501116794300658,1.4677761172827952,0.21172339514292976,0.04935186601977029
9168,5.734122964361034,0.6338959501997212,0.2862780291583552,0.03799690787042345
9169,8.670037676686839,4.653581515729939,0.41446581988365044,0.1607870304231091
9170,6.216849474637421,13.505046633004515,0.31996857488203806,0.6749786036733981
9171,4.633360406803097,3.488444515244382,0.2035373231814702,0.12429685416305851
9172,5.227230493153344,7.326903671883456,0.24641254799557907,0.2943657989644238
9173,7.137358863450059,10.209680514977677,0.3246231462983468,0.4932547060404467
9174,4.986692455440438,11.06690838805065,0.19496096712961763,0.557187637209618
9175,5.072454731625033,2.9387631069114684,0.29599704875726024,0.09027104242166832
9176,5.2044019403140815,12.046373322552007,0.2036498026321767,0.6048626640909796
9177,6.710459943578756,2.7675064208240365,0.2818869700394949,0.08807552716717915
9178,6.272939817049557,1.1690707278781451,0.31864267667094265,0.04608706244698159
9179,6.021086260775686,4.223809433586864,0.23556737427256147,0.1388427004081717
9180,4.535172919223725,7.283956379402823,0.19269911396090275,0.29275150073087447
9181,5.391263600783872,2.5632586371335626,0.27990850905269266,0.08502890571528321
9182,7.155583277016985,1.8745282940559784,0.41074382869335346,0.07346364289733313
9183,8.13147021770394,1.2425836309060092,0.45933262436961314,0.047673065644936834
9184,5.0917424372336075,1.2930813571779205,0.25603441381402897,0.04839482131429677
9185,5.870063279922046,11.921632251510285,0.28349598277212845,0.5988200835529905
9186,6.262532147007523,1.1440684782978803,0.2828178910862879,0.04554201536630168
9187,8.358709866320329,8.002509838975628,0.4833168663847886,0.3427054846968568
9188,5.243759087758919,11.809062224292198,0.3003872225142722,0.5933599103353017
9189,4.957864993536899,1.1403631390405948,0.26257760723561596,0.04546112497844039
9190,5.739315873800794,2.1914516973616873,0.24884360247514675,0.07962932227584094
9191,6.291082238948265,11.58722276767143,0.38370865881053423,0.5826125160162883
9192,6.218104856438879,15.899296910964528,0.3184161672925061,0.8102085991105659
9193,5.110537712862248,6.035877865522441,0.17737119416123961,0.22441150740547824
9194,6.404650806419116,13.201465197725543,0.34735668296023897,0.6604742981830222
9195,5.133767128844931,4.548801235431298,0.28808501765426886,0.1583861077914214
9196,6.891331740718344,10.689766733807934,0.25974659308623055,0.5144068571667809
9197,5.7035501729064935,7.247572716669609,0.21709174587098543,0.2913843913827716
9198,5.466154848784428,13.00107851025149,0.30176408452527986,0.650870352328311
9199,5.208735366047575,5.21024721008695,0.1474315470812718,0.19206168518386763
9200,6.257881520678524,5.600457388671365,0.2750155743473189,0.201954366258209
9201,6.199227150776683,3.6607634356105714,0.2770115537801578,0.12767189215051677
9202,5.757525502026042,0.5383649764130513,0.22630265704927224,0.03575869358672407
9203,5.9516354041697515,2.8310675263117795,0.2028580844878074,0.08880949595611548
9204,5.489542111531597,0.6703945376329626,0.25950027392750014,0.03824818929697764
9205,4.055885086732967,6.8318926877374375,0.21016209019482257,0.2763516950448724
9206,5.217899544935579,2.2882825162931506,0.16430257900476583,0.0813694812928404
9207,6.919122627814519,8.808118178363229,0.276063285784116,0.37505340731510467
9208,5.349632692216633,0.5953845764978395,0.247640473646175,0.03720735279902242
9209,5.916221121106464,1.0329069399970998,0.28213169778749897,0.043130464898003484
9210,4.59839222830234,1.2443876874552608,0.1711113445022211,0.047711546087735555
9211,6.350713682795021,2.92866492227489,0.21843028564967093,0.09013662225668342
9212,5.342132039945744,1.7257805146535072,0.23691669987788813,0.05315607287468829
9213,6.050355638997907,5.7842574470668255,0.213377437751178,0.2149584585422262
9214,4.902443892500652,0.5290475761687813,0.18502794082125404,0.03551298419469717
9215,5.515728286555379,4.748900659927565,0.21214918984588,0.16292974040248018
9216,4.922022095573469,5.9970588000194285,0.2226325020307293,0.22328187649376102
9217,6.649277612066276,14.729094876560573,0.34619675370076713,0.7478744609801992
9218,5.345386964020899,16.340622715082297,0.2706486188188428,0.8317486610333008
9219,6.628791697340714,1.084423968184812,0.3235040236458065,0.044240803348532184
9220,6.572226903729299,12.846588297796607,0.3298410222604376,0.6434519052125424
9221,5.5035641495167775,13.948856307551226,0.2013541322372059,0.7089042562472975
9222,5.2410627163815215,1.058602211785969,0.2020340093113888,0.04368151336495816
9223,6.015042976896816,1.4294450857003274,0.29167439200139655,0.048757462646626434
9224,4.2034130080087,7.722500802756558,0.21877112666235857,0.32594957722324375
9225,4.578889649930193,6.328335267310362,0.12802370408950195,0.2618235396757657
9226,5.379775893425157,6.031725007240783,0.33607492993928506,0.22429071958824356
9227,5.6162258249783115,2.383544194790734,0.3096729051291709,0.08303711500430691
9228,4.617518573044646,2.2850406784161166,0.18800358113174237,0.08131129301132434
9229,5.626191304302284,1.0527231503481256,0.2411106853113091,0.04355485901115421
9230,7.056510091433053,2.0618089829673734,0.235813153732548,0.07740642363183911
9231,5.0103628227265515,0.8528767391293964,0.2736284856766403,0.04138979171076426
9232,7.188930667695799,6.613330754300851,0.4017810400100477,0.2712094914421241
9233,4.615376158167599,2.9471050910968652,0.2512225961807587,0.09038168680742262
9234,5.149083782081353,0.3680155154720552,0.30050068526086365,0.03234936970071498
9235,5.04726457894203,2.217396352278053,0.27199802209856017,0.08011611842668726
9236,7.268986884203042,13.04831060045369,0.2977895086993228,0.6531359895949644
9237,6.10748653125358,6.636418712424075,0.31630343860576066,0.27207309631990023
9238,4.844091910171136,1.5680208544251881,0.23598782352796063,0.050750169258045666
9239,7.131654151875948,14.258987569314751,0.3384473879034363,0.7244409874045773
9240,5.9284846617447124,5.217730418458928,0.23256584017687137,0.19226246763112148
9241,6.079127651647014,2.0892419184665303,0.2990760013369607,0.07795534100794999
9242,6.7065618337768855,0.6160550072548315,0.2953742587628012,0.037567609405348916
9243,4.718968708877969,10.560685839798268,0.16314384256019548,0.5086780782247434
9244,5.556702448103365,0.41141786082639825,0.26415954078060777,0.03262099954544415
9245,4.337086573089086,8.201539803674358,0.1293044885023976,0.3509206871704354
9246,4.54946762201038,10.263670884036488,0.223264573710427,0.4956972139077213
9247,5.725783457429501,7.173499855567386,0.22207252133161123,0.28860305499503264
9248,5.998099879456798,5.849655660732211,0.2523765210238114,0.2168161479742129
9249,5.2883675264461765,9.370028328485684,0.3295020932805253,0.3939664427969067
9250,5.566442781713378,11.43375383219087,0.12316352245121168,0.5751342893350604
9251,4.25493086541537,8.25891755185109,0.16733018519003384,0.3532663888173101
9252,5.563444642420158,1.0376044408206289,0.22464827734326115,0.043230692979942066
9253,5.82071486594149,20.52196814447995,0.26764686100964497,1.1705874543009473
9254,5.963883350667667,2.6103523151084977,0.32275391675684434,0.0857571545514848
9255,7.531350063332284,0.4657998736145055,0.4251125155625119,0.03438752457753662
9256,5.361847851312592,7.736531916209551,0.17941483841342645,0.32652067870194607
9257,6.894930940260081,5.746409796247243,0.38850177685619375,0.20559470048913084
9258,6.074591377962702,2.354478904337425,0.26953583267612363,0.08253683939501902
9259,5.84654847936505,0.758949137478482,0.20770282430201212,0.04005334153145803
9260,6.3567984087763,4.500688158350236,0.30638335635960684,0.157268603174893
9261,6.256368261061948,1.5052715626160547,0.3415635157056125,0.04997528730008491
9262,4.704608634252803,6.865202708407387,0.2467568466564138,0.27759435972030744
9263,7.212090216787927,15.547398495309645,0.2310853196655672,0.7881632672828672
9264,6.721250343426983,16.231909479162407,0.23610012491057633,0.8264672324953722
9265,5.541121367751991,0.7425909282743438,0.13894049559777355,0.03968794015902022
9266,5.501717033086399,18.03167050885825,0.23748112729736415,0.9643609780258069
9267,4.694060579977227,9.474435981587188,0.27371065781317877,0.44198523535932366
9268,7.42451359314004,1.2091081079584631,0.40504621560666404,0.04695495920029606
9269,5.557674971343096,1.4631719278121171,0.261238865119692,0.049334375506134925
9270,5.504517223296906,1.6483561462179561,0.2557269314044029,0.05199698374694163
9271,5.860137253913611,11.56718437689391,0.2940832719784065,0.5816369871044951
9272,6.507460865872173,2.7480198545042493,0.47168468442907213,0.08779689188280335
9273,5.036916458070007,2.280521402045687,0.19190994243504975,0.0812300146418691
9274,3.7686336719835682,2.8974310366869305,0.10926308018468389,0.08971744793985723
9275,6.2100455874094695,1.7281828073331424,0.24291592062747921,0.05319133710219591
9276,5.566289483680377,0.44138556925878497,0.2747294051910211,0.0336080805894273
9277,7.488107338623528,3.998321578772852,0.3953815351062438,0.13430862360916407
9278,5.49775821527719,19.441738837599623,0.26784764882045325,1.094349532281346
9279,7.563359204347834,19.695981078274706,0.4801624920891957,1.1083177005057385
9280,5.280239261637386,9.674932227473878,0.22676689725507268,0.44850973809815214
9281,4.822111685656063,6.567482977231363,0.16540775929954313,0.2694965240922651
9282,5.32376368246694,7.215602111248213,0.21762726467849927,0.29018357791720123
9283,7.491669886997463,13.594341816959012,0.3677361722205286,0.6792328618909512
9284,4.542370491803396,9.734107848610059,0.2218120949854579,0.4510996473315413
9285,6.357043785170744,1.1974225112598667,0.2794089972939943,0.046702526308566
9286,6.273463424847255,12.49228154248865,0.2710688080124987,0.626401206848296
9287,5.602294607016794,14.499936419878296,0.26101356229855044,0.7364722197735974
9288,5.493644606003232,2.5747260114129342,0.2573293743138345,0.08520773880082264
9289,7.621566368801958,1.1764313094634398,0.3442803819585129,0.04624716440366511
9290,4.351091778593829,6.5727473181072575,0.2500769424262624,0.269693078208797
9291,5.21221087728837,3.5719453532147942,0.2170027069231082,0.12588184920004947
9292,5.5133922369243935,0.7525231258068676,0.2717302598356594,0.03990945263877395
9293,5.978852269860554,9.476340733736233,0.36755648025261883,0.4420701867094133
9294,5.03505779614141,1.9022739336565682,0.31217686640721826,0.07407093626407082
9295,4.542317899283799,15.232481655596764,0.18786374686335877,0.7727482205485127
9296,5.300323625268395,3.5753953479508875,0.23485412416794701,0.12595841079423487
9297,5.054795348109212,0.6896278918236005,0.173134962724959,0.0386835650750334
9298,5.054285313592377,1.267401368763944,0.2970365169053241,0.047868754137029706
9299,4.597054614039446,20.828109019424396,0.23104910795361347,1.1877691023724268
9300,5.843288574565871,1.8994347147195332,0.27111590634707455,0.07400916301569271
9301,5.636094309184863,1.2155769849612252,0.33484376442234415,0.04709431915657872
9302,4.147359314741805,8.896380159253123,0.11640341675612852,0.376523937355636
9303,5.3722782542459955,12.334123370723642,0.25312839478627464,0.6187722536399523
9304,4.837276601635145,0.8399170086379352,0.2364248889207323,0.041100468709584226
9305,4.567063969504919,4.903548700893032,0.20170708327972717,0.16631645546002416
9306,5.900278655554244,4.02852243202749,0.26918941717904465,0.13494704777685954
9307,5.381553901194226,1.6799727983723174,0.3341733199724995,0.05247604889500229
9308,6.235684883843748,3.645128969991957,0.34464645147044476,0.1273283221518783
9309,6.093345522610206,1.7952925374984336,0.36316520487205123,0.054058121870455195
9310,6.313965955229802,15.692780939396869,0.3879964825498384,0.7947937608028381
9311,5.526835796069271,9.829677778176185,0.2191162850410381,0.4758479251991747
9312,7.823124812829229,6.023447651596542,0.2499393600352867,0.2240499274847714
9313,5.387286104645212,2.251214613725173,0.36787168322594826,0.0806983512349147
9314,6.665612882003056,0.8814699032575005,0.22067828702935285,0.04204910474028445
9315,6.558830944940248,6.369614566546735,0.3194743689090864,0.26336212404637077
9316,6.231817442722481,0.5738793271327645,0.3934933520708311,0.036669709501418374
9317,6.2464705683177675,1.796752746080403,0.23983473017983245,0.05407863080145204
9318,5.047083901535648,8.043326069085678,0.1993006288499005,0.3443992407058715
9319,6.562231797417557,12.69659326628458,0.3239023680425344,0.6362399071990055
9320,5.5271928629503435,15.19117842327915,0.21742955677703243,0.7707175607724462
9321,6.493298201896423,4.941416930021817,0.26522778916971507,0.1671281854951106
9322,5.637692437826391,12.365775309153957,0.2061764897433066,0.6202999232896094
9323,6.995395402593673,8.371016189320024,0.417239302310448,0.3578155913276157
9324,4.543817419520569,4.8906859784388175,0.2183131501179816,0.1660391399717173
9325,7.499606496514411,1.6935495414600465,0.3534721192607587,0.05267928482992487
9326,5.508117688486579,1.8253571186451332,0.1741286211479977,0.054477103945714644
9327,6.108314073304338,3.846382910349813,0.2968188647832559,0.13112742732842875
9328,3.8091213357268168,0.7564836026580699,0.19959450976112772,0.03999807639035156
9329,5.868097144319667,0.8442766233900706,0.2900510975514333,0.041196623094591614
9330,4.980446273438608,5.265985707968407,0.23654028428155155,0.19355149452477025
9331,6.038137358096459,14.914122020378702,0.2472132665888119,0.7570472474334494
9332,4.195289821089242,11.89681685848911,0.14315120812346635,0.5976170210066908
9333,6.010567301073815,14.745077485056079,0.28535799227724995,0.7486680552521929
9334,6.3697508325017145,5.343265514203087,0.23658744853072364,0.19559523609360654
9335,6.936160643585738,1.0436800363300534,0.31272768899281767,0.04336068010200662
9336,6.005452427510311,12.037549273694243,0.23119339299854366,0.6044354822478801
9337,6.1789791888295955,0.8843298740297546,0.2612711782333833,0.04211601632022573
9338,5.840770031665795,9.028172394030255,0.21136259351867384,0.3814930006170954
9339,6.5412494943992625,14.7439825367957,0.2944516602129551,0.7486136943855486
9340,4.636883888594251,0.7413792079011655,0.15945553664971135,0.039660981361133885
9341,4.845940327183851,1.0036098935539766,0.20564482870329512,0.04251126436198188
9342,5.089285934753618,5.611898143330039,0.2868591634443916,0.2022426823342269
9343,4.94168596774758,2.7759881696572073,0.2163185837771686,0.08819606598232464
9344,5.974145573948689,1.1591259510236307,0.22041973981808718,0.04587046352388835
9345,6.593122424774357,0.8729503007242378,0.32564786236224924,0.04185075640865796
9346,6.097970696276058,16.072386524511476,0.2818442572310483,0.8186882828077618
9347,7.174137120362492,11.883287237902492,0.3219102263566358,0.5969609572664002
9348,4.51461689772568,1.99444497046647,0.17810940663744781,0.07603037151627523
9349,6.572238416171123,3.720919030883297,0.2481628058201445,0.1284108607042044
9350,5.55618779656147,2.9011007472824244,0.19587594692508153,0.08976696842709658
9351,7.1062440909414795,16.031163083410668,0.31054280458265143,0.816672376612361
9352,4.897834929742703,1.725765186028131,0.18397780211079603,0.05315584771133455
9353,6.136053641936825,3.672839757416002,0.313944778370912,0.12793692859473196
9354,5.14888744018337,15.874395167720019,0.2176032661510622,0.8035861803811849
9355,6.6821503431750005,5.675356928486891,0.22757986875194444,0.20383264447469265
9356,6.037346267866713,0.33715637672130366,0.3667411495324104,0.030919208461663288
9357,6.515166661097291,11.459426845508185,0.2250551472950766,0.576386411749114
9358,6.663281996652383,9.249200475025896,0.36617173282362997,0.38962595210484086
9359,7.141494358453705,12.323596770788026,0.2448646606196129,0.618264090264299
9360,6.128304585540482,1.0377164114033812,0.1823757548853525,0.043233085006161076
9361,5.774298050666186,16.77827498281712,0.267338584095739,0.8528492273363745
9362,6.742680823516806,7.689015018709891,0.21696369954287167,0.32458543337276463
9363,6.356040233115729,2.869092907268025,0.3735736866346704,0.08933255487585612
9364,3.9227275618178625,14.292114190353576,0.21962875213988572,0.7260973687501404
9365,5.599279284925903,1.636552291322498,0.2664379216546138,0.05181610415367048
9366,7.859558866376458,5.376665382696771,0.4990382333462147,0.19647070200755432
9367,6.01683225653937,7.691418106770287,0.3008876577573625,0.32468338352738385
9368,6.734133177447349,2.981988291528723,0.2489237083187526,0.0908409609233549
9369,5.664143597500049,2.1871537738578573,0.22498126942861404,0.07954806049107604
9370,8.650458828824547,17.93219940604765,0.31523219738142383,0.9593560780729413
9371,4.972854030076136,1.000559763757755,0.16544652643120028,0.04244741808723131
9372,4.395668476005189,9.231571371669407,0.13114377678758796,0.38898649812482705
9373,5.940557559752144,0.42604923554771224,0.2522433292996415,0.0331057069211847
9374,4.116633750173333,2.784621580370912,0.1861925403620217,0.08831830466372265
9375,4.943358474445039,5.889081720940376,0.25438769259877153,0.21793232656184094
9376,5.611990829502141,2.4251954203533557,0.29515920345282276,0.08374138228400144
9377,5.31765717200618,3.1269095581477253,0.16304204650215492,0.09216552857521264
9378,7.560666799795894,12.180612676893375,0.23637020323545735,0.6113565833025519
9379,5.367832785384357,7.162340945268706,0.15725034118424877,0.288184329140928
9380,4.461201877842632,0.7780216830601705,0.14541377191436555,0.040202662190277155
9381,6.237388516543343,1.1940653852415517,0.2847115128224228,0.046629846304990806
9382,6.034072183179098,3.016130950581921,0.22013797125430165,0.09128491523319639
9383,5.968568791480091,1.2033099121117463,0.3888641080661658,0.04682981533205066
9384,4.6531650967782765,18.551612277081716,0.1863587623093825,1.0453783307262356
9385,4.2465658949208285,1.8067780192872613,0.14091278825251255,0.05421899685097052
9386,6.5000219547252565,3.8534192153577904,0.24188320370897123,0.13127881185450788
9387,8.03128554434515,10.148571359787656,0.3704936939886725,0.4904815589057243
9388,4.456760972584408,7.852348044321075,0.2627909677299381,0.33122153313762864
9389,4.273466405822998,5.423051658260335,0.13022639953651516,0.19767878095646288
9390,7.26649929157027,3.8018783302108408,0.31314753791689987,0.13016751861526762
9391,6.322608633210758,1.2168077855679273,0.40057099939392266,0.047120803041663537
9392,4.8630144252874725,1.2694936905061742,0.16366404878858634,0.04791180834242344
9393,3.896187793343596,6.399137808369175,0.13342748492707038,0.26446368219469035
9394,4.535256573796846,8.270110874051495,0.18847230704676882,0.3537226801116676
9395,6.396363780425713,2.215705362864271,0.24059584653908345,0.08008456521412598
9396,4.435303174688046,1.2264255447187682,0.2349047242447426,0.04732740270000073
9397,7.574205342616806,0.4684822218219022,0.29427260347069467,0.03447131496480186
9398,6.491199142263349,11.75807492850301,0.2980938813804273,0.5908844289741914
9399,5.148460729978643,1.2449419596588187,0.15888490726307494,0.047723364094791165
9400,6.104103828455956,0.483004636014623,0.3540245919825507,0.0349185262241704
9401,6.493870221073782,4.382471585325168,0.29131186359369493,0.14206371266638548
9402,5.445895445670767,0.7568622867558977,0.18310669293854323,0.04000655983045242
9403,5.399783025524028,3.7713610153859247,0.26282655094900537,0.1295069266504008
9404,7.8740157814317175,5.868309833605426,0.4853227834099295,0.21734459547594917
9405,5.918196798803617,1.737762748026189,0.340720870441021,0.05333150647426718
9406,6.556250857394836,7.736988025963681,0.3026090713230127,0.32653923832791304
9407,6.331729884271845,7.110866483884462,0.28199743758085405,0.2862539231574866
9408,5.235624864755979,1.8608636700825145,0.1679438201044097,0.07316158478189777
9409,6.1871994590478225,7.027984592255478,0.27648109395744186,0.28315011817066993
9410,7.039094780916273,0.896171609712712,0.3951756593944173,0.042394819047663276
9411,6.5033813731055385,2.355900715016934,0.26401760808543717,0.08256148365811987
9412,6.00314800046052,5.106983103072409,0.2455405034202902,0.18926681371803528
9413,7.123386308118325,8.951839788122921,0.42534029620781216,0.378625767770028
9414,5.024171379045559,1.86722342516413,0.2602630136798067,0.07330241140455696
9415,4.323019329877699,3.1377148209732058,0.17943549554672747,0.09230003449352342
9416,7.702582977278012,11.920407010258373,0.31329469875455057,0.5987606910549623
9417,4.902014279429857,1.296851928413632,0.19021694643155504,0.04847161701586419
9418,5.446109925492267,5.879372670291925,0.23251516264555253,0.21765770468072146
9419,5.76228482155017,0.8551416154061855,0.25500775949622506,0.04144088773070215
9420,5.318328058221558,3.6213588967737658,0.23107128522179798,0.12680501028471705
9421,7.071159579310777,2.3334895982033133,0.4179477568565893,0.0821709520492607
9422,4.481412837965674,20.188917636134065,0.25413882990356607,1.1518411476161823
9423,7.684729060972355,4.60896297202173,0.4121948409012977,0.15977029310995589
9424,5.66968529066215,9.929250944674344,0.24953763599788553,0.4804481737256908
9425,5.43775766751322,0.8753675566034329,0.2602715275121127,0.041906885549403264
9426,6.2607818498616465,4.7810113491900905,0.30653118396912954,0.1636422550035723
9427,5.511706791234466,0.7614195530585082,0.2419426115420039,0.040108791845381346
9428,6.328942666782886,11.032157392042567,0.2659267349291047,0.5554817925355119
9429,7.815710306304122,1.0008228913335762,0.4448348431128385,0.042452921186153084
9430,5.163900103159603,3.763065885812733,0.18621070777312973,0.1293270361335775
9431,4.73694316686058,9.293730852497728,0.21159040132037815,0.39123414833203074
9432,4.805443561974463,3.581333087131807,0.2796803708072743,0.12609012188146168
9433,4.843536230797691,2.041939103150862,0.11800849275292538,0.07700541513796345
9434,6.374466762077294,8.60399230745132,0.15780743517963775,0.3671095041044612
9435,6.685587303719633,3.6594902822445827,0.29208293023615894,0.12764393312229008
9436,7.362406959966578,4.326280749976144,0.36743846797824437,0.1409316139399646
9437,6.29166043362124,10.97652891720477,0.1584879689522694,0.5452006992578521
9438,5.154311607655143,1.017084167482563,0.2817855749757439,0.04279473812223802
9439,5.114047505260492,0.8683482104913953,0.20884773102952478,0.04174421689603293
9440,6.039251043442177,21.22811960998851,0.26896511174173837,1.2101436476368594
9441,6.862084093355931,18.684716619355186,0.37581478397677137,1.052764466623678
9442,5.329016468308404,12.347438137636079,0.26136773850707357,0.6194149414729916
9443,6.0128861940986535,5.556504973221769,0.19706573253363804,0.20084191196791748
9444,7.302266659562543,0.6750891669797959,0.23539678724289528,0.03835454405851787
9445,6.027323067993712,1.1740220089313282,0.29789083852786885,0.04619478073720172
9446,5.581355848885226,3.5375330379624788,0.3125039350367595,0.1251533683341589
9447,4.54993849603361,5.73557623691943,0.18874965902318375,0.2053272516481974
9448,5.018142236464467,2.3744426648628996,0.19048568691739376,0.08288124957937235
9449,4.633211628560852,14.901499271322443,0.2094166105435553,0.7564225112807647
9450,6.503452594867661,9.754944487391617,0.18821005600358973,0.4723753525817418
9451,5.687372708404807,1.2175522969143413,0.25785346926814673,0.04713681822754353
9452,5.869836056044478,6.53265622178647,0.19253734118376367,0.2681970597509536
9453,6.961037196090499,1.4700960321207661,0.25057245287807045,0.049390766610826586
9454,4.900943963360317,2.16981004563865,0.16678034321452337,0.07921830732299576
9455,5.460358040519351,1.1473000734266812,0.2735490828101314,0.04561254590445489
9456,7.031745070911818,1.6847763769497384,0.3496175924935606,0.05254812617794974
9457,5.64835301589511,2.910966401989069,0.12496682878242307,0.08989973897436652
9458,7.4901685724891225,6.811301353558876,0.36049935624422147,0.2755841626445761
9459,5.750916098648127,12.43730968667355,0.25336074724201924,0.6237508421185743
9460,4.948708545148093,1.141552442328011,0.2546747159649631,0.045487090486954415
9461,6.59028719745542,4.9061591128357405,0.22448278669020338,0.16637263653292786
9462,7.813953419620048,11.631454172579751,0.374340624635222,0.5847649124604449
9463,6.024846745107484,12.282155835763321,0.25842987206398077,0.6162630696949888
9464,5.146630288294964,6.874967462810489,0.14121869509364862,0.2779588863101103
9465,5.038869452662417,14.234443922661846,0.1563150825620913,0.7232133353436191
9466,5.969594548438402,1.7382318587581547,0.292386312301631,0.05333835149564693
9467,5.603708396065491,9.756998545430847,0.24787328149016594,0.47247103204438234
9468,6.129824521010565,2.9855170843710765,0.2267384521096313,0.09088710629755846
9469,6.139118132631427,16.389738257252088,0.33012637371922476,0.834129480101807
9470,5.831040930800691,2.972633420355493,0.2721896229023755,0.09071833274916996
9471,6.849328035160044,15.082249808681341,0.38985348104157674,0.7653527868688594
9472,5.844576546210885,1.7688894070801717,0.3119633164598686,0.05378190885020143
9473,4.7433462322643525,9.649532366170291,0.23470338217240724,0.44739457916603315
9474,7.448963019669917,10.981572504103738,0.4429376722635599,0.5454397833878801
9475,5.226283724070383,9.437792590456125,0.25183710970132744,0.44034847866390464
9476,4.9459323561583615,9.137060355960742,0.2855382111011197,0.3855311414358041
9477,5.645855954645174,1.07501824073218,0.314991729396981,0.04403658293700672
9478,6.760663463361801,10.234764729004903,0.3104362656936987,0.4943903780377018
9479,6.37786731863376,0.7068010887973423,0.3161058321382585,0.039072312542975995
9480,7.939979955839518,2.1816618129777257,0.4470737069027003,0.07944396090565044
9481,4.838538362126947,1.4517075492873228,0.20285254132179906,0.049139299049375494
9482,5.531181422212056,6.565535401139708,0.22612516962134863,0.26942381632930595
9483,7.131411307734451,6.935583056049214,0.44032584780150796,0.27969744240743183
9484,6.271168804454766,18.37714987373729,0.2963554395792301,1.0092567652815845
9485,5.625056883326498,5.022613320244275,0.2874859008465707,0.1688448562856106
9486,8.195072901599946,2.3962995934563684,0.3846730818744282,0.083254350816681
9487,4.57079402737934,1.7313172027706396,0.19619335359775644,0.05323727879018987
9488,5.405860258598817,7.719719115769179,0.2524265657433338,0.3258363195334119
9489,4.706016659204674,5.487792604977587,0.13458433808694056,0.19934990667464003
9490,5.116116900193263,5.326388418428055,0.26158445816088977,0.19515106644838717
9491,7.153707112819505,0.663558104789039,0.36827902576485705,0.038093133890214084
9492,6.242216371790726,13.72940134105093,0.3383158893422296,0.6856556547285088
9493,6.343053584714814,0.5116546267764172,0.292153046455004,0.03504552998242958
9494,5.193582997823574,2.1800427603207626,0.1851947860095828,0.07941321574533694
9495,4.575073511178873,5.212582967061512,0.13310100827881058,0.19212438155139472
9496,6.7889798201627185,5.707416113509604,0.2805190091402729,0.20463002717504408
9497,6.822592219615475,6.480537111580673,0.32828884910115624,0.266255123433597
9498,3.9638824639790724,0.43114051321402513,0.2042340934686234,0.033272715085354
9499,6.176067464292021,0.7009566200786367,0.3434107005713292,0.0389399314055776
9500,5.250541452238871,1.1716638655795641,0.23241677495412147,0.04614348865424907
9501,4.648548453706854,7.415788610501197,0.2165685769771943,0.29770773081629
9502,5.513116613677201,2.191699658045796,0.28881538535037715,0.07963400504133186
9503,5.028057424806785,7.8250688372167305,0.22036413414249637,0.3301166039894384
9504,6.311145333735458,11.453605713812525,0.2902021928392064,0.5761025447410423
9505,5.7476005129449685,12.278358051297563,0.3992475273952886,0.6160796501179652
9506,5.945045633779709,4.404990976358683,0.2455424901136892,0.14251463279296395
9507,6.2252392424842755,0.5186136617649919,0.3863696158271304,0.035233992321451996
9508,4.774647105672089,17.44692954476353,0.1712200718566936,0.9348267594228816
9509,5.9711746236090635,2.2009523706619274,0.23026605860747287,0.07980831698373254
9510,6.826454721127777,2.3491442193571186,0.29306908480305033,0.08244421442851751
9511,6.66641757759225,13.416355560284698,0.28406545361741437,0.6707474197443141
9512,4.814340310820357,0.5352318616211486,0.27677019964997845,0.03567641706305576
9513,5.002127231972842,3.3871982607128293,0.1788581991221467,0.0945743235540231
9514,5.616044560208936,0.5528471470774591,0.35443488696136466,0.036134716979077296
9515,4.5908723033076635,0.5644710976952986,0.2650507245937283,0.036431872166711635
9516,6.7608823713757085,4.029291842928111,0.32824900208922553,0.13496328443743183
9517,4.8971240258105295,2.821497901977238,0.26688944184721464,0.08867657171824665
9518,4.6879470542022315,1.8093932541659505,0.243544797982817,0.054255487078288075
9519,6.642870299012156,5.16994106486056,0.3035024711923771,0.1909761444213635
9520,6.500321516251736,9.038444234630862,0.28994525614028754,0.381876550139903
9521,5.462748542241251,1.2184837616472661,0.2428875313261302,0.04715684973467244
9522,6.928501565583611,13.74465458834554,0.30073371479536914,0.6863800828161705
9523,7.31450819711993,13.068681181287598,0.31763272465704345,0.6541127692794787
9524,6.221756991466617,12.142543907202995,0.3562120584436881,0.6095158734847409
9525,5.769324665988951,4.239243454395458,0.22502032248512546,0.13915926542296836
9526,5.82224909921823,8.092743764370663,0.379084015393095,0.3464440352329742
9527,6.091915667591743,5.452889234498954,0.15633161222217423,0.19845111871968038
9528,6.051735615562231,6.957639086705707,0.2614478315688038,0.28052079359816234
9529,6.615917710322779,3.1523361042125564,0.21576923092933462,0.09248127746751839
9530,6.016843912912734,1.61186616460764,0.29928315096053093,0.05143431669629602
9531,6.465975867756079,1.864413919270321,0.2654702556614981,0.0732402516530055
9532,6.364490268627944,3.8760129352155763,0.40656552098239324,0.13176420098035566
9533,7.645161202747702,2.844173083440495,0.38782823073621625,0.08899066791665272
9534,4.7706728247984005,1.5099808270504278,0.22655497491900273,0.050052787766613996
9535,6.918767833054293,4.0656368087770955,0.26651819381151537,0.13572863877023825
9536,6.96451522733259,7.751751540744553,0.35577493697421003,0.32713980115384533
9537,6.581252722188622,3.2805419896554358,0.31525657914257005,0.09355550486538405
9538,5.761023148852553,13.512844717930028,0.1843174213401574,0.675350360041216
9539,5.631719540069317,1.6985425434484018,0.3038821467479576,0.05275365254178748
9540,5.416557990180638,18.6700906475837,0.19701084979896735,1.0519532905750535
9541,5.854188276060923,2.7036642874068204,0.2370244955643814,0.08715360689417596
9542,6.487255069986273,7.633821057711569,0.30118360102494524,0.32233367939416185
9543,6.799446276345296,5.167290723416168,0.3595900658671242,0.19090452340950417
9544,4.20157191959362,9.261461810335446,0.21200368044587622,0.3900697689592435
9545,5.511109583833758,2.6922731605536563,0.20319592924783017,0.08698632274539464
9546,5.293207514551734,11.313172629083384,0.13570597179494862,0.569246907400137
9547,4.775383900241386,1.1917039351646594,0.23809811850771817,0.046578681419466035
9548,5.554270735360775,1.9661424692075196,0.2383886967379061,0.07543816595328676
9549,5.602970733427811,0.3356336064877743,0.2636480222312378,0.03085472805623665
9550,5.180601593024648,10.888123482244485,0.23857633249431562,0.5410046690586684
9551,5.818703541168442,10.492264755784577,0.23955207255539854,0.5056278069451171
9552,6.604197465984673,10.4677912305487,0.2507291511717308,0.5045343862702617
9553,6.694744809500546,7.005815453017598,0.3013333374134201,0.28232096725467104
9554,5.274696620661415,9.48552781459896,0.23647462597239527,0.4424797502609282
9555,5.409020151742979,7.900058380552087,0.22537643303848612,0.33315014764232515
9556,6.585708936466877,0.8472674054467705,0.31950303842329736,0.04126364859108411
9557,6.136161994224056,2.2283348542909676,0.3567683981091599,0.08031956661975378
9558,7.230826108268914,13.14128874888079,0.21050727990848608,0.6575925253926852
9559,4.784082295816094,14.476850720102123,0.26453481337322965,0.735321242964736
9560,8.321341867805847,1.2614645817742045,0.3727182381362025,0.04774640815967025
9561,7.084895722686126,11.847166017047979,0.26519077512307954,0.5952089118342707
9562,6.7271962439119735,1.0746185179657903,0.2897354304535727,0.04402791532146558
9563,4.998066405850236,9.063844623811939,0.19245778930388638,0.3828226614852235
9564,6.1456225660832375,2.7816399361081436,0.220407054771283,0.08827613987335751
9565,6.472723276388037,6.734148344490925,0.31249897194097265,0.27271284294604214
9566,4.883033649870257,1.06224909956206,0.15113666492131297,0.04376022299193108
9567,4.803267259715944,3.4744177334225674,0.24156404256359496,0.12398157888988323
9568,6.6915742513050525,2.2050310212052726,0.3366553797912825,0.0798848914307296
9569,6.787815471518445,1.981001976628519,0.36162863725358224,0.07575013161124006
9570,5.201226109746035,1.236414510250947,0.2775307191957127,0.04754130632630947
9571,5.057681790974781,3.175734682005911,0.2629766259474296,0.09263036701357226
9572,4.741356605907442,2.072112931301534,0.21588124280583723,0.07761331037962058
9573,5.629195021761107,0.7806078032220715,0.22191468186091828,0.04025960638994728
9574,5.765333911433965,4.365540336617754,0.1994528980448231,0.1417236269274958
9575,5.819813097254394,1.507773137362116,0.2119565151171333,0.0500164779318175
9576,6.733539643990483,15.068536512794212,0.2327923436881893,0.7646764681710991
9577,6.6325252858893675,3.707422590404764,0.33931755839978,0.12811671640559247
9578,6.951810071628775,6.6045089346784565,0.3502260868821106,0.27087968701658993
9579,6.021135551857133,10.637664496517516,0.17750855856555273,0.5120984667312354
9580,6.142719897923899,4.0955614388200585,0.3493087735432715,0.13627017595657856
9581,4.584186371033987,13.94507599735057,0.19774385365982527,0.7087145794798365
9582,4.263856546246848,0.8294600670806184,0.178870767889927,0.04087247138876164
9583,5.565649679688036,4.565495295802145,0.18912035647642036,0.15877169323828938
9584,5.611448976467542,4.792727220777928,0.28155949542228326,0.16390102604942017
9585,4.682551191346186,17.560857183683048,0.1746981335477527,0.9406034218745541
9586,7.372951569243548,0.7304989000146763,0.2811219214458845,0.039419451225985176
9587,4.5631076024096755,0.6200892672541185,0.22357726809433334,0.0376636271779586
9588,5.542023841883968,13.518944722978953,0.24485024350129256,0.6756411334312621
9589,5.40004556734445,5.14212941660597,0.1856875122998419,0.19022310454303484
9590,6.064052446188391,2.911150022170935,0.2933966277584649,0.08990220515425908
9591,6.0439115040621365,2.058494438448375,0.32478444141575274,0.07733981232961773
9592,5.7786567774429285,0.5922871681725732,0.23806272341599946,0.03713030053679996
9593,5.07105499464219,7.867012110250069,0.25173129126863547,0.33181484391808874
9594,5.793843028337617,11.01187880163636,0.20244776429428585,0.5544858651970982
9595,4.904576724166751,8.757049373561845,0.18002856060271763,0.37308464009633224
9596,4.654819769760168,4.3053849327974225,0.22633709336020555,0.1405081489813141
9597,5.305937277092431,2.2492635759250796,0.24401463841005003,0.08066267286424185
9598,4.768143270533245,4.355483926112433,0.270442904618129,0.14152120545473965
9599,6.3324215144767955,10.674998882622514,0.3545513244615273,0.5137531060065099
9600,7.18475560349994,1.689574410650627,0.36024585594428976,0.05261993379089961
9601,3.5928826135336895,15.97344626883324,0.15020167986097302,0.8138460802594216
9602,5.553399469528913,0.5514466685759569,0.21890338447403856,0.03609864725654776
9603,5.876440000632674,1.2155314242220414,0.19394836404271157,0.04709333860436271
9604,6.135922517869946,1.9103554941706475,0.3090257821755667,0.07424630429099915
9605,5.7037065012240085,1.6989208503810431,0.22418640863352918,0.05275927899837615
9606,6.349933697819503,1.514699882716796,0.35202781971012126,0.05013027085058553
9607,4.461930625851189,7.450253134698256,0.20396677160881999,0.29900350395473074
9608,6.933156240104023,9.434106184274363,0.36042576893516404,0.4401835557902262
9609,5.102252553855126,0.4706581539520453,0.221628663785943,0.034539012385958384
9610,7.863957798071396,19.254852648919286,0.40492578503628546,1.0840584352081144
9611,5.6777966316710495,15.990223961315518,0.2599806023571306,0.8146681153043792
9612,6.665639202816917,17.315256475731942,0.2125806866604061,0.9281355409434705
9613,5.211174472972856,1.5850916784967832,0.25913719169200067,0.05101821426438849
9614,6.38934201807544,0.3655363662788661,0.2326556351280813,0.03222259374127978
9615,5.234427420386887,1.482018671230522,0.2091928885968338,0.04959000291348291
9616,7.316785926311211,4.285397097430475,0.37573339177356935,0.1401018642232946
9617,6.121195484781782,5.958618093454616,0.22341756348913663,0.22216190049572712
9618,7.684446566286136,3.2649773673614058,0.42050444553196714,0.09337016039843901
9619,4.55291835353441,2.9377946370181056,0.15368501114200012,0.09025817379575604
9620,4.580173567325447,2.0398838670092894,0.21536707221579313,0.07696370500166609
9621,5.208415236033145,4.121097128797419,0.18233541364221745,0.13680299459487144
9622,6.780056591034177,3.770075638320376,0.18513381364902373,0.12947906081707533
9623,4.208029357797465,4.637690284346804,0.1887310261067866,0.1604258927564051
9624,5.3477969328063715,11.674918418063697,0.30003809942987975,0.586843794583911
9625,6.1998161545799455,1.0362222663392204,0.2518464492417338,0.043201176895745444
9626,6.129453344598981,10.501966841636671,0.2695774553051003,0.5060609251130224
9627,6.732103413650523,11.166713977549827,0.26058666343941145,0.562081024517639
9628,6.115063866772287,9.597771522592751,0.3591720378811952,0.4451153987141961
9629,5.639168524446187,1.6721930699761904,0.23025203356973944,0.05235891783938333
9630,4.722803494082696,1.0227454905337845,0.2676879467079937,0.04291451741722395
9631,4.397678339679914,0.5525370017778667,0.19314473079643624,0.03612673427012837
9632,7.9666548108724955,8.485443088898041,0.42972981106559055,0.36240891444702544
9633,6.409732494271491,2.149902041419108,0.30611864144209056,0.07883615894131735
9634,5.778435922754646,1.158398776214435,0.2462496785894922,0.045854614034828836
9635,5.845760223174813,4.863606541313389,0.20029167603339992,0.1654526916242006
9636,5.913767433113734,7.882607537910745,0.2929606674731692,0.33244531893409013
9637,4.407180118336522,5.870091402308426,0.17031361557761435,0.21739503306357413
9638,4.606130179576879,8.321681239416767,0.17109293466110112,0.35581916449534906
9639,4.638288824072302,0.3205620060487507,0.25866274291196395,0.030265893190445103
9640,4.9623537845870125,4.246231505933734,0.28448288527954885,0.1393023754675394
9641,5.439480079804169,10.294134613472078,0.21196856764390656,0.4970723337122211
9642,4.587054023964238,5.982061798641198,0.2408617717843381,0.2228451073188551
9643,6.489610424379535,7.91379269426185,0.2107506307675785,0.33370436636266904
9644,6.49954220882986,11.44193457613665,0.29668894768254706,0.5755333306725976
9645,5.969970683140293,4.514149283834136,0.18309463143180313,0.15758217804035862
9646,7.441379846525999,9.670308076737179,0.25496536911460743,0.4483068770367358
9647,5.404520954152708,2.532146266415702,0.27478755676746064,0.08453920335853146
9648,5.482520126078897,1.14774998516148,0.2992294924708883,0.04562236388658251
9649,5.690227821182551,1.0496161143433094,0.19897781527173675,0.043488051765897255
9650,7.017741114400882,1.2756231929322794,0.3983570719371821,0.0480377421582341
9651,5.306276890541294,1.8214259394673769,0.3660133438988175,0.05442270874750598
9652,5.803276373224381,9.451434041716059,0.2691453336178268,0.4409583546442017
9653,5.843204043500366,2.1888431598121514,0.3432545494480687,0.07958002352313057
9654,4.373842507559471,5.953314649962347,0.13112777447509796,0.22200726747320587
9655,4.137571717973771,4.82247232277603,0.1790975179241217,0.1645551083449958
9656,6.178784879280781,18.961522611616154,0.29822048400287987,1.0680959057273922
9657,4.615186288512659,4.865590993405875,0.17101401677430456,0.1654957885561923
9658,5.36312575122093,3.0794986966949827,0.29601271404217094,0.09209523281530602
9659,6.688325684999061,10.372914045788498,0.3406633993047374,0.5006185182021939
9660,5.4562847546507065,5.2194549476471925,0.3589985402270503,0.1923087048744803
9661,4.866298620401051,10.856670690603547,0.2235243044757689,0.5395093563906577
9662,4.483999597978042,11.100036309136932,0.22828573538013974,0.5588128198336396
9663,6.987623097027316,13.066704850461512,0.23073883679054982,0.6540180128353661
9664,5.524239363795092,0.6685937607090587,0.30159907510201656,0.038207369247310094
9665,5.819902320943507,1.8942345595606338,0.272146047077144,0.07389580303886888
9666,5.509743550688792,4.28087066784962,0.19028649917420076,0.14000969359708618
9667,6.409081015147767,1.1521324766586218,0.3540658429601464,0.04571797748684962
9668,5.576283686133226,1.689302697538309,0.29677245035165567,0.05261587229226433
9669,6.057898359241666,1.144394096052046,0.20749347055414208,0.04554912287155695
9670,4.568928245459808,9.037139805614707,0.19663033996483673,0.3818278730327535
9671,5.400832977902231,3.4506941484769573,0.2649016662979721,0.09530306557271213
9672,4.025342484429168,13.061066572403032,0.14490313308031286,0.6537476706003027
9673,6.778127040882893,0.45510670672049264,0.323423408496424,0.034049806768629225
9674,3.7678198698209187,3.536099932208072,0.18330708898293505,0.12512141672241966
9675,5.47473906406124,0.6253213891774104,0.18029645761781737,0.03779002860495646
9676,5.107619656535154,4.346717420105084,0.18459369022444877,0.14134449150913656
9677,5.852406082696274,1.877699062503242,0.19780102610739334,0.07353345324356997
9678,5.1241274814340985,15.160095079986078,0.2919986532671345,0.7691880589973346
9679,5.9668928860071695,3.7858654429444267,0.3365735613009749,0.12982113502993842
9680,6.054295091239001,12.732316320734672,0.27559500622701977,0.6379582354917923
9681,5.836605387896831,1.5923263424676088,0.23721813170119274,0.05113112392206864
9682,3.8382907166663105,2.7140811454379983,0.18487063852465113,0.08730583147603323
9683,6.252881782709699,1.9016796126736177,0.22170715411102446,0.07405801255339953
9684,5.4682927828198915,5.0517099196306985,0.20672009090906204,0.16945206347451122
9685,5.803093973419787,0.8452798020623019,0.20929398432560584,0.04121908731623518
9686,6.230109039111862,1.2106095060562732,0.3089009888820032,0.046987328617617494
9687,6.541251840936321,9.647756787298553,0.2420845045495127,0.44731654408778604
9688,6.238795929137756,3.807869785838392,0.2864294932952671,0.13029698698977166
9689,5.833144530443611,14.989347716358703,0.256639399886278,0.760767053050392
9690,4.771890240321865,1.0798348410054988,0.24420988743183328,0.0441411011123646
9691,8.348250256902361,1.6700357161572503,0.3314211206445626,0.05232634983391023
9692,5.192538610263605,10.974227823152388,0.1727894470436738,0.5450916084163303
9693,4.9370745172534125,18.770590893304757,0.27343879858836007,1.057524977755066
9694,8.127246284687672,11.787813182547987,0.2776234850323363,0.592328432582028
9695,5.83348065620492,9.822814456181963,0.3321680026522011,0.4755297384407522
9696,6.261534005039429,3.0324727293701588,0.3498663921095041,0.09149545392351213
9697,6.082508194841119,0.6736488910690196,0.24813189798410598,0.038321924020954926
9698,4.8114309707959135,5.3645313878220895,0.24366196115869984,0.1961531942244113
9699,5.547115883539258,0.8956393419157017,0.23099333777277328,0.042382226792759436
9700,5.537620011606092,3.950515094680729,0.19379703248450675,0.13335693236980348
9701,4.57576682053517,0.5586105100362854,0.10624136920111074,0.03628253536696018
9702,4.831292371688654,3.244950901684789,0.317200639621607,0.09312958582818114
9703,4.992381374845858,0.4704338642185499,0.24891447461703267,0.03453204562832757
9704,5.805697225197758,4.255220973286976,0.17466558795676757,0.13948626870895117
9705,4.83079763663386,1.2281152066570895,0.2541798378143073,0.04736363343227899
9706,5.74459437253607,2.9904642056632347,0.3478954008790283,0.09095169658706356
9707,5.76975042160573,1.6016656273444183,0.2533426121253364,0.051276274027890006
9708,5.325441855550171,8.352822520863239,0.22519641942465304,0.3570804234163814
9709,5.848839962767937,5.7791753042178255,0.3444045463691329,0.21481375132801137
9710,4.294972883505595,0.46377103077710263,0.15803516161942296,0.03432390078541553
9711,3.728964641588371,2.8751022890934386,0.11756088827286308,0.08941454687463207
9712,7.028937334039649,1.2227355354220628,0.3510266965670575,0.0472482115090987
9713,6.366154037927041,5.822725588055025,0.30971692911304927,0.21605215217098847
9714,5.109345513128982,1.1116408904720496,0.15388913242673116,0.04483388330652115
9715,5.833920472370627,3.256240588966278,0.3416728426311824,0.09326538601294107
9716,5.498993612025005,4.435500090451184,0.3325731686068158,0.1431229235367467
9717,6.206175143170242,2.668081411979099,0.19775223502330277,0.0866281650477643
9718,7.222826022295355,10.698219108475161,0.2744222653476605,0.5147808410270766
9719,4.697224677053465,0.5414848677656477,0.3092190159724437,0.03584028471645073
9720,6.2757434377120145,19.93397783515335,0.2879669634897809,1.1210794579574586
9721,5.161290985207033,2.218663917888664,0.34072292977948276,0.0801397527669658
9722,6.220407678686386,8.28542732201186,0.28892256949570067,0.3543463349257267
9723,7.020930910617213,0.2999177648397033,0.2816528860572439,0.02956080806212221
9724,7.19685064836064,13.020993677937076,0.3973017769751814,0.6518257875386056
9725,5.385955993860907,6.514372388318228,0.26964939695056006,0.2675154407721763
9726,5.488538710184564,0.8933756276154672,0.24080233422421152,0.04232873583355545
9727,6.532573674785751,11.748558430086309,0.2157305311596881,0.5904222257116548
9728,7.248954622667002,1.9089315675885863,0.37048357456251957,0.07421545519707932
9729,5.166720782044966,15.578445528647501,0.31176077791907414,0.7896761881606867
9730,4.937215864279847,0.6735557594481703,0.20075888677813328,0.03831981448308798
9731,5.528124242331969,8.237669265066813,0.23550125718861056,0.3523990183150365
9732,5.903229343255045,9.232421315057351,0.23909659702736133,0.3890173642243863
9733,6.304170528351306,7.550321892864487,0.34270221472778356,0.30276400665903797
9734,4.455211994261502,1.267636461661822,0.2369079604721329,0.04787359338133426
9735,6.263997431777899,8.889067344414435,0.3595148673375652,0.3762456339394593
9736,5.744814361330752,6.928993904065366,0.2403244277190469,0.2794515703759649
9737,6.768102483125298,6.843501234827816,0.24724552678523082,0.276784617633177
9738,5.453924864717243,19.003212607716094,0.23263660060213437,1.070401559891218
9739,7.018906895427749,7.585871669340865,0.27739191733740615,0.30409880920737314
9740,4.575603371151879,1.5376111021096552,0.20854934659702248,0.050413629963987246
9741,6.533750415548458,5.104501589463335,0.35590131133636776,0.1891990989969843
9742,6.730419057571529,8.334933429307018,0.35028801779919005,0.3563563374798662
9743,7.857268196921913,0.5875077360047126,0.38871515277141805,0.037011067255574834
9744,5.0612220077682855,6.284604028022618,0.2434718094771576,0.26019550844880796
9745,7.081690414066601,1.1993973475170867,0.32615228750257896,0.04674524776558241
9746,5.35391617283487,2.838733252999228,0.20556320526921412,0.08891558833279294
9747,4.6551510706267125,15.294432781320467,0.2286225108834974,0.7757902559243207
9748,5.608743323743098,8.565963982860211,0.2938964469885904,0.3656083184753132
9749,6.465986885700206,11.216794755925736,0.2504038473984541,0.5645332944733209
9750,6.637499544897218,1.032056132984719,0.32198841995396943,0.043112338070867916
9751,5.592622737003444,0.7612375494232083,0.2577740982135526,0.04010470398515697
9752,5.242350138153376,0.7609038171541961,0.3236587060257647,0.04009720935853504
9753,5.856495880136992,10.92834072917099,0.25107198777242296,0.5429147700053497
9754,6.668858335218045,2.585182824996342,0.199955287546786,0.0853699628156469
9755,6.563963869215502,0.6934405460357789,0.41090903519976235,0.038769824730201456
9756,7.951271648057246,17.132789560736427,0.3397841991179577,0.9188355368808924
9757,5.052826419836737,16.57330046114707,0.18837112024172456,0.8429985478326348
9758,5.203576588716281,0.8821763754972308,0.22603497396121894,0.042065617950282616
9759,6.331191717885753,6.144830079398356,0.3187972223190163,0.22733485606438975
9760,5.212592639723903,7.311723234882315,0.29094446241963773,0.2937951421097829
9761,4.02507413150905,1.5058258356078138,0.17658249406029522,0.04998441822484599
9762,5.956597771666646,0.6905399345332134,0.26930074310082797,0.03870419891151024
9763,6.307662189866207,0.46992456589256365,0.3222926990475833,0.034516216435245856
9764,6.59575415226183,3.5172631317957213,0.29595998812139684,0.12494326716977133
9765,7.441097662611775,2.9067321816107943,0.3734493143333654,0.08984281957564387
9766,7.825114098322766,0.7849224091579227,0.35046564107147526,0.040354803553154475
9767,3.5991097682361377,0.4333438357151617,0.1987031480274197,0.03334514619936186
9768,6.114146212905129,8.718416726812082,0.2184461726008566,0.37158690194837646
9769,6.328196358679606,4.01054888554673,0.29308363819134425,0.13456735812682785
9770,4.445314278743856,3.7616275845183957,0.2299572977653404,0.12929583041740852
9771,4.488602162942815,4.084288232059465,0.21534046330214499,0.13603443028749881
9772,4.513864554301439,0.573215149186453,0.1335032991008459,0.036652991566112215
9773,5.846439671385883,9.070389539382703,0.3234296706409529,0.38306590617399283
9774,7.1126337371783155,16.598992434063476,0.2551917383320412,0.8442362850625581
9775,6.106772846365765,9.822398276239674,0.26155726642934635,0.47551043948159405
9776,7.784065420487666,4.237044770714356,0.37680034139988233,0.13911420945070033
9777,4.536322122487559,2.5426069419308965,0.3004468248139664,0.08470464955867632
9778,4.384274954162033,8.647949960252252,0.2207196486018986,0.36883674361165825
9779,6.688535036605401,2.574123904050833,0.2709900845070079,0.08519837327952967
9780,5.5927908302591405,3.910119405189508,0.2697948247913496,0.13249484814713372
9781,5.980314509980777,2.048563468277888,0.2908589513999703,0.07713955750251407
9782,5.5294170174318875,7.287594065795099,0.2324413016052858,0.2928882129117854
9783,7.6456238322303935,2.3265174033551212,0.3694636083617051,0.08204854496746748
9784,5.7050852366911124,7.811471729372674,0.3051378167423469,0.3295652979223201
9785,7.377594653825926,3.302224285815294,0.43896223135494156,0.09381314015180339
9786,5.475386074169864,9.27629973020157,0.3084077074600211,0.3906058275196588
9787,6.332428695834005,9.128634764756,0.41979360099390484,0.3852208632846112
9788,5.46791941943226,18.898151138576537,0.26169389335602516,1.0645894304246288
9789,4.557340269567667,1.7538921061695363,0.23486061806544517,0.05356585440351698
9790,5.063691875876107,0.5632531573717751,0.20216284266228254,0.03640091506765684
9791,5.002089931184341,1.5200204029127282,0.1562589270597323,0.05021741524540424
9792,6.447909237286368,16.89640968759322,0.28505808969812035,0.8702758568669428
9793,6.661347556324661,9.236745853456828,0.23160195372880968,0.3891743547151907
9794,6.752906815987735,1.4826693213766782,0.2954858955156821,0.04960084284496624
9795,6.165941076494163,13.970875768565605,0.342683242172827,0.7100089549805965
9796,7.712667222358783,3.443553207851356,0.4303070885807782,0.09522168390195518
9797,4.636672543715671,6.369726810645432,0.22740243722748266,0.2633663101979662
9798,7.039154360860171,7.939444879059888,0.2746346695121894,0.3400805127222432
9799,4.917796412727306,5.782025113647684,0.1764739657966162,0.21489490217365426
9800,5.217948028790905,4.900907932143501,0.24805781175550182,0.16625958722700912
9801,6.212002152345426,19.27397312486866,0.2409207024875111,1.0851122146821723
9802,5.9178620746191495,3.0440681831872713,0.2639008464822031,0.09164409722514821
9803,5.241889976428408,3.296864477526995,0.17169313355650948,0.09374960363752399
9804,7.402107162877832,1.5551619192681783,0.42425312746058913,0.05061037356015047
9805,6.5849380417589405,2.74047957262801,0.2454264726211378,0.08768843100813441
9806,8.91253204083633,2.3018598658433445,0.513944101075238,0.08161213858018312
9807,5.8860354494029545,5.894193368723174,0.29093415196781225,0.22028133689931728
9808,4.650751051734013,1.7344902466926446,0.1968567497956178,0.053283707050439416
9809,6.072959742109049,5.665428077700932,0.28405747497623224,0.2035849009149638
9810,6.300944875203211,14.657659441075369,0.230543336757304,0.7443247014282259
9811,4.912716220404079,17.309005015664432,0.2825419651476374,0.9278174557053317
9812,5.7191994326912186,2.033231581613355,0.2551481121192744,0.07682840082684753
9813,4.898763563111889,3.4440862067655282,0.17007421680288262,0.09522776310035116
9814,5.979344415631061,1.2057891504649598,0.2647816189605686,0.046883351923648786
9815,5.098915718183714,1.7534692753697447,0.18016202723096378,0.05355973729661578
9816,5.621696697889976,4.6368811454917624,0.26305581632195646,0.16040747537144776
9817,6.5928966343125905,3.916270399268759,0.3839236706397205,0.1326263490534704
9818,6.279032438495501,5.172866057268338,0.31664901965956155,0.1910551529434976
9819,5.572516433394113,8.628787218903227,0.22057850109396424,0.36808486369542476
9820,5.4887067099746,1.244126995630815,0.2684937173448229,0.04770598695659525
9821,4.2612136454782865,2.7074834778788808,0.1816516702521384,0.08720950084818242
9822,4.607162654500605,8.034264134182052,0.20661189106632233,0.3440235653876072
9823,5.888037318332227,1.0751426213350084,0.3363964765948875,0.04403928021458519
9824,5.122612416225303,8.592747894333153,0.20938450850919452,0.3666662636663698
9825,5.603867706286257,1.0652962715954515,0.33267415251868865,0.04382606783093078
9826,5.738685598822202,3.5198945473482905,0.2921054392565761,0.12500220224157058
9827,7.170335313642545,14.700641515483104,0.33953259893861104,0.746461090226426
9828,6.414896244299232,2.3174904391772926,0.24172375153670547,0.08188941600321677
9829,4.906532136840746,1.7599233958851173,0.23877710945618,0.05365295553246621
9830,4.3705846054840904,1.1286215084573565,0.26654595143286264,0.04520470406150508
9831,3.666986084582192,0.5677059739481704,0.17981562948144986,0.036513903321532426
9832,4.475365237987961,1.6200168440252534,0.21933318536048282,0.051560896830769934
9833,4.496947053310119,0.8497593161073879,0.21235172859079637,0.04131961632397788
9834,7.083848828345361,5.461967865660935,0.3373713529370654,0.19868538382553705
9835,5.073228832863008,17.278781340510577,0.21096246076563474,0.9262790908149858
9836,4.5358188038624245,2.4367345516047343,0.11737631828398082,0.08393400588442712
9837,5.330716193342072,5.9204157958326915,0.27487710935955434,0.22104734905992018
9838,4.183668589799279,1.9766154931302475,0.1538710599294226,0.07565828038698516
9839,5.722498276843407,12.506541034509098,0.1931604645132516,0.6270884816744607
9840,7.24296258112837,1.2824518930576354,0.2999997542438753,0.048177698942888626
9841,5.873006445480278,4.26922319055326,0.3081859982407244,0.13977224358151893
9842,5.2384378558159534,2.3309532473626837,0.22353168714604568,0.08212647299280443
9843,4.796462714170531,1.453996196337138,0.2504180831938464,0.04917832677653464
9844,5.095514796182232,0.7889463665607545,0.2970688642540082,0.04044381594893139
9845,5.288261939172627,9.401716092643031,0.12578688103466362,0.3950927634357156
9846,5.548649024766943,1.1061832445492064,0.24800770840644887,0.04471477791231046
9847,6.545441594508756,1.0134702480928404,0.2447877181062638,0.04271848294522157
9848,5.171815286957263,0.3668519968234012,0.2746681543191316,0.03228969968296977
9849,6.243716969469987,2.5367054701402063,0.24218673195954543,0.08461141435184959
9850,5.768600968396629,2.087073257779798,0.19014015330803577,0.07791220347764025
9851,5.498708053834174,7.972397465540087,0.2513523267812717,0.34145326323918607
9852,4.519691285787469,1.9994777374876418,0.20940243026964833,0.07613480257144922
9853,4.685750259463,17.15800155599142,0.2170472103879412,0.9201225243655876
9854,5.733759377025765,9.875939366313743,0.2581182485952557,0.47798888463715594
9855,4.963556401027009,2.127814732975756,0.17478268203279873,0.07840758459145664
9856,5.543816377002788,3.0315029647390466,0.17610582729406712,0.09148299452787326
9857,6.566365399687973,12.97882373865469,0.3204080869293457,0.6498024339998353
9858,5.77299581767974,1.1332894465185597,0.23826771450172168,0.045306656586627844
9859,6.131284409538182,6.207943498115956,0.1924494209880644,0.2573459794650244
9860,5.7142010089218696,9.334581241925758,0.3091140030914155,0.3927006506584179
9861,6.255231578174114,12.759642916204118,0.3495549287006818,0.6392722885854479
9862,6.081332542756644,1.034743313149227,0.18250087376791604,0.0431696174329277
9863,5.876224821109459,4.087059119739766,0.14833516425228097,0.13609240458262759
9864,5.517530920130508,1.62812524261551,0.27476756381487294,0.051686307237872556
9865,5.756016001170255,5.219389381551865,0.27431816977502665,0.19230694717897337
9866,7.266862260635401,3.8579869925773638,0.2929818846538961,0.13137703054421024
9867,5.204320851292018,2.0497855638167284,0.22370112061530664,0.07716425537806743
9868,5.666953946071076,2.169274010786064,0.38916232310494003,0.07920806886708684
9869,5.445779474093593,2.324055091881252,0.20141294550250155,0.0820052114926495
9870,7.1859094725474835,1.4715478222801126,0.3144168389854865,0.049415088328445336
9871,5.101265782182601,12.484325156495188,0.1229563325801297,0.626017687962941
9872,4.928745958559461,10.258182934226168,0.12517458858226693,0.49544925853229965
9873,7.361013236732371,0.8922308375534963,0.33874691424490116,0.04230172391601107
9874,5.27361427448041,0.6277820033080022,0.29300677205808395,0.03784945743076054
9875,6.953790067676285,0.4776679139901387,0.325392324444073,0.03475543833622963
9876,3.4638564585098495,3.6661262556405467,0.16417842572507127,0.1277896256784653
9877,5.4678385340524915,2.899343960487992,0.2566360231602886,0.08974327078027515
9878,4.711241595047352,1.231056457996588,0.20931127975722447,0.04742665469426776
9879,6.092037325034547,0.7761232432852953,0.31715349349817895,0.04016091320836092
9880,4.7189961474057345,8.502390534248207,0.18751424009999998,0.36308461590656876
9881,5.350692290997455,0.8336293367742847,0.2855709717995529,0.04096316814114921
9882,5.384585765029258,13.825404503558385,0.31409104673196503,0.6881879913073439
9883,7.488821556344042,7.041649376150511,0.26369071973535524,0.28366142779020886
9884,6.088561486693864,6.272480470580718,0.32324625526702827,0.25974450731473403
9885,6.748084199398764,9.699932656139135,0.2839915389492264,0.44960529593665693
9886,5.089720483051532,4.2739079222932785,0.2578706921356,0.13986779584238826
9887,5.716074996592753,2.4985232371348274,0.2731686282417669,0.0844771565773384
9888,5.8971546084034125,1.4232357921579875,0.38944529791347304,0.04865025061693111
9889,5.803962699666157,1.0339727117504007,0.34269619881108765,0.04315318316441792
9890,7.215095920613453,11.950441895019335,0.39075759950896877,0.6002163743954746
9891,6.441548028889344,13.417437460931714,0.2941059045431627,0.6707990668217102
9892,6.6039429888735395,0.320784834203416,0.2435918198766075,0.030273884886410002
9893,5.751577843543534,17.312977904964043,0.17234291501278057,0.9280196076169588
9894,4.4465771426964995,1.1909032971659688,0.22902063038046824,0.046561327744184616
9895,3.8846755329171754,2.1481601106082246,0.15516175916475836,0.0788025351297797
9896,5.650380084245392,2.8037028498694787,0.25753657802722046,0.08858686238392255
9897,6.104254968984143,0.5631791227880557,0.2570882481960295,0.036399031992604094
9898,6.319646265774477,1.4628284955562094,0.31939585604691184,0.049328547046904744
9899,6.332959619381449,5.737761141236922,0.23921277626378656,0.20538122533810863
9900,7.112881965185507,2.7443486398725745,0.31201243432925574,0.0877441296231862
9901,5.106447732038155,4.767938716810555,0.19222416870509615,0.163352759703744
9902,5.999243770688802,1.039275394105472,0.23718774482065297,0.043266403667163486
9903,4.215185532561298,13.90473623962821,0.208721519117536,0.6919401887821687
9904,6.2240990592707846,15.02036588271026,0.32114148616822846,0.7622991592137695
9905,7.5321408475804486,1.5412840056811672,0.29697356298005895,0.050472999854106144
9906,5.655467328615999,1.8236524623701942,0.2229697616157191,0.054453531166734584
9907,4.804144129304587,1.8599202746791734,0.17280591603251239,0.07314065860850769
9908,4.234261006975788,5.149563952989493,0.1722000703689249,0.19042472463276897
9909,6.889155578688448,3.2516378479036083,0.29915983459320616,0.09321007728620333
9910,5.639633487818947,8.361804989585384,0.2928887986351896,0.3574435443900762
9911,3.371077412097524,7.556565989252761,0.1321498137213659,0.3029985108366849
9912,7.466925856959688,1.2868834121029193,0.3875288916196748,0.048268330798068027
9913,7.048213057126607,1.9765546169067472,0.32652666668764563,0.07565700424853213
9914,4.992329938571457,3.385610035216307,0.20483409350565415,0.09455594326865355
9915,6.119776915080757,6.804516412115258,0.33863244501976303,0.275331366894144
9916,5.638262138165458,0.7886673187872247,0.29738946338692995,0.04043763590264912
9917,6.8576123330410175,6.019457610935784,0.3203417836356028,0.22393383524314223
9918,7.082592281296094,4.220196283268625,0.4135881702307545,0.13876849529102106
9919,6.978032046232616,1.505377418069783,0.39499130581493314,0.049977031321161325
9920,5.260298177829455,11.653554103488558,0.14530518718730787,0.5858398763625338
9921,7.780263286492913,1.9777580963289036,0.2359408325881864,0.07568222540810317
9922,7.926279199752092,0.6969890476796564,0.42943636981549144,0.038850121972796234
9923,6.56568191549403,2.832890468815655,0.4028180750450834,0.08883475619095751
9924,5.651983299304944,2.3856514655411867,0.2771165038546415,0.0830731002646187
9925,3.6864645287648314,1.1111816980056848,0.13021686348695624,0.04482385986130302
9926,6.392534227808082,4.633600978498049,0.4159635104925514,0.16033278427896466
9927,6.086521937991705,15.188284215911947,0.3056180986493508,0.7705751938199804
9928,4.63175723926082,5.7450346542189825,0.2178053689995411,0.20556077618488844
9929,4.894317505228202,0.8332177048011179,0.2350739900466617,0.040954201625453816
9930,6.370306087731111,10.304565506841655,0.2605156067196174,0.49754268346934977
9931,4.910516633456514,0.5605501111302869,0.261337226286172,0.036332065229881735
9932,4.91898879056719,2.5872843376617136,0.24916250850718527,0.08540246792442471
9933,6.241977368149748,2.3331938760589295,0.33313456239955214,0.08216576903610323
9934,4.128645176148448,0.42495192508494356,0.2522838582005695,0.033069586422209335
9935,7.242527041214324,9.410001126983463,0.40155930564908354,0.39538644398150447
9936,8.587367145822686,11.94606668532845,0.41024035845458295,0.6000043535416629
9937,4.42802641011243,4.3266768610841515,0.1641924133518593,0.14093962860680004
9938,6.010611927564863,13.910616359397896,0.37576690455403045,0.6922180752973007
9939,6.4154249474132365,12.136514062153669,0.26471982160458535,0.6092242530346627
9940,7.144255401496804,11.06436352774409,0.3860855132803111,0.5570627522939183
9941,5.365167058909004,2.262204677453764,0.2526279564986808,0.08089866055795039
9942,5.755697916469507,0.8184567254787177,0.2817381800816289,0.040634356910993125
9943,5.610904582503044,0.4703306023380661,0.29398519447319255,0.034528837292905255
9944,6.300115286777304,14.847317003145513,0.3547974706093157,0.753739101130614
9945,6.390614452533754,4.961617670330711,0.2551955881759252,0.16755832004643376
9946,5.268754776662146,13.03494428398948,0.22652907123790475,0.6524949493200317
9947,4.820005942084576,3.639362188607117,0.23965013400328597,0.12720146968154408
9948,6.682483485362217,2.435461881013927,0.40210700840715746,0.08391281561845217
9949,5.701456330266461,1.5764121088817273,0.21977625432830947,0.050882213472754616
9950,4.301229982189596,11.320374374270136,0.26721078278893845,0.5695988375035609
9951,4.926157123131967,6.81379158950258,0.2679104939535571,0.27567695842953727
9952,6.477502212613641,9.895325107808157,0.3210435318793787,0.4788841298273179
9953,5.92865267125847,1.8961787530032264,0.27856785649817223,0.07393821842301411
9954,6.678027089403773,2.738157338576625,0.32227769989444616,0.08765495451029504
9955,6.398576157957533,3.7781164274863692,0.3424908299511067,0.1296533223537039
9956,7.039620754641178,6.1416310024063,0.35852352702765755,0.22724209149386768
9957,5.816178964993768,13.374845885804627,0.3471955073738993,0.6687652674258702
9958,6.103903128429439,11.424541026543508,0.2611207624926854,0.574684848841139
9959,6.33261709947672,1.2006898719386818,0.33354433150006796,0.046773195574399885
9960,4.493576144349165,0.6961655665018929,0.22560311575410477,0.03883148605903968
9961,5.692721449443229,4.912292886332485,0.2787490067397377,0.16650451616267373
9962,7.271122154985259,9.175380545987245,0.32930544327525035,0.38693768386372646
9963,6.082404450846786,1.1726650039499456,0.3125975744231713,0.046165266913780714
9964,7.066708416094385,5.043157834534852,0.29268374078469694,0.16927402969112923
9965,5.74459126078468,0.3166538803815635,0.2375510775690453,0.030127163820584828
9966,7.280686498179861,7.485592282299258,0.2944838559501612,0.3003319206967951
9967,5.353978221378944,2.6215872429893916,0.30983602153413264,0.08592850848466965
9968,4.090258481040416,2.9456529313318365,0.15679501961144052,0.09036245174222603
9969,6.670836785439262,4.5608730125038965,0.2623152979514341,0.15866504495044056
9970,5.847792370783616,2.904304811503549,0.24563334825376712,0.08981014571067202
9971,7.332519582227911,10.474464935885518,0.31248561266376024,0.5048326774784292
9972,4.944114584903381,5.833447386450891,0.23537568667457887,0.216356484709493
9973,5.701127818871502,13.016710832843202,0.19528643268122056,0.6516203342023408
9974,4.971673368306464,4.896351439828062,0.2821881949715682,0.16616138448827386
9975,4.069258417171656,1.083834097902316,0.2369058781003969,0.04422798177986642
9976,5.443396777739599,0.8472168054645274,0.263821290393597,0.04126251328469142
9977,4.144770989024972,5.478120156548924,0.1737235854468818,0.1991013364427067
9978,7.3508287744089245,0.6861626134798783,0.3827171363275527,0.0386051673025639
9979,4.0076090416265036,0.8950042021679752,0.1383034987928546,0.042367208242452305
9980,6.413353717104232,4.075550398147761,0.28090821151362605,0.13585148691752846
9981,3.513236682174511,7.378321587703264,0.147350364934579,0.296298972253851
9982,5.70541903027338,5.736187655244537,0.23241669600848283,0.20534235728989408
9983,6.404440187176001,5.756785779104295,0.24250835244087948,0.20585044919877932
9984,3.4805656657303192,0.6308805529314305,0.16523066583241577,0.0379242208828153
9985,6.450613731664336,8.698132183290829,0.29862410613722723,0.3707976388682971
9986,4.5277118419313105,2.737804428761375,0.16384644141935276,0.08764986406768996
9987,5.276980637743795,15.972324343401368,0.18939947282365147,0.8137910973257265
9988,5.024046732245776,9.344475630128828,0.3245096292770901,0.3930545987393177
9989,6.118695257848435,2.8624093524046317,0.25953836971686844,0.08924112643319235
9990,5.246041345783271,0.4568266497646835,0.33212390647911316,0.034104521975153596
9991,4.820602607053391,9.406127271868247,0.2154956792945486,0.39524916834494345
9992,7.321550307350381,0.5178864476077061,0.3049932864852497,0.03521438932799999
9993,5.224537584277987,13.466374553362304,0.172438059128467,0.6731343535380395
9994,4.909689985173133,3.3308599517984248,0.2478854055357589,0.09391749741205623
9995,5.368002236275582,2.2606852290198223,0.25280265786978734,0.08087103357697245
9996,5.872741509739846,4.290838088338387,0.26442777815496216,0.14021257815984087
9997,4.874779270263567,4.0822164921253625,0.1438542506197469,0.13599107153836779
9998,5.548203894402749,2.461466940301872,0.29246085879527606,0.0843431460802026
9999,4.968942091714548,2.8677123437160117,0.17814633542446975,0.08931368989895366
